1000 9892
746 447
90 187
39 70
830 343
445 939
29 44
927 535
721 132
267 209
119 165
638 579
108 698
532 180
203 214
650 28
593 450
481 1000
208 864
503 187
494 217
429 665
288 167
74 728
365 327
576 522
813 819
189 249
264 176
943 464
122 204
490 552
914 182
56 306
386 895
194 237
959 602
822 450
550 651
965 986
559 145
9 557
943 54
861 969
614 643
887 661
643 59
628 539
850 493
656 190
766 681
363 709
452 785
643 72
473 556
168 360
334 277
762 336
893 570
767 193
140 43
524 76
961 686
267 509
561 595
475 382
617 697
690 311
414 399
876 590
436 579
812 690
832 556
413 318
413 813
112 882
186 473
650 360
44 15
29 893
512 345
214 774
920 46
834 588
267 953
142 969
848 304
138 166
432 599
551 830
612 312
189 601
461 468
330 511
967 974
927 103
973 449
299 278
215 666
754 104
901 125
479 1
407 484
748 590
308 415
517 45
576 743
138 762
657 922
571 956
200 911
864 385
683 842
340 564
812 878
192 926
729 169
775 879
325 862
862 143
408 678
215 327
198 119
919 384
701 900
499 532
795 451
466 311
981 500
420 388
314 643
794 137
766 488
112 720
853 140
644 651
663 441
172 372
27 667
211 486
784 126
287 69
839 536
832 761
855 594
561 29
466 232
837 503
769 149
321 974
158 861
785 757
642 150
275 611
918 971
461 948
430 582
580 190
854 949
464 536
512 179
769 25
853 82
59 889
389 312
872 756
522 487
730 766
604 219
55 749
96 482
632 276
320 982
376 594
533 450
998 224
224 518
861 551
467 918
488 411
843 531
721 179
461 504
599 54
431 672
269 220
901 550
845 338
539 683
96 703
492 785
66 27
768 283
143 397
773 6
132 146
78 511
412 418
713 315
15 199
166 113
4 979
905 231
725 494
49 837
886 255
278 398
743 766
139 852
451 966
836 596
41 104
94 102
459 713
142 280
383 76
80 687
28 391
658 778
92 754
878 913
516 380
971 633
960 110
173 271
349 78
676 438
487 448
328 343
1 471
459 643
794 610
771 410
774 581
296 644
747 357
913 523
970 716
76 659
479 204
811 704
520 691
499 44
813 523
215 312
163 837
55 467
615 315
451 94
750 550
107 992
717 359
239 39
349 931
43 376
975 659
712 417
870 335
673 897
582 595
640 246
932 614
198 710
190 328
962 481
670 54
841 548
682 992
39 93
501 750
925 156
153 925
347 428
425 490
423 851
579 9
962 131
673 92
472 907
53 242
204 66
314 424
599 331
380 387
937 464
973 402
796 397
924 250
265 339
433 689
431 410
816 794
975 756
808 579
476 753
637 824
133 364
606 415
952 751
934 150
666 976
114 565
681 471
902 688
762 889
9 679
895 935
930 809
914 226
966 954
666 306
528 608
269 126
577 262
952 576
406 232
540 223
234 748
184 665
701 972
666 398
283 671
301 446
987 675
491 848
644 700
884 729
486 85
629 127
376 95
672 924
549 458
241 871
202 743
485 530
466 176
174 385
824 866
118 764
956 435
724 983
983 874
968 1
201 438
664 739
764 635
926 414
485 118
233 997
163 974
992 374
778 145
622 504
147 322
24 183
171 73
411 742
643 819
626 169
823 577
686 843
248 69
627 753
60 694
578 439
941 775
446 447
679 151
284 189
296 492
937 349
973 519
653 649
657 846
568 479
593 485
921 753
813 835
722 920
744 736
672 397
869 717
382 618
74 443
93 461
170 598
657 104
142 464
878 990
862 35
3 10
179 845
914 488
594 596
371 501
157 518
616 728
413 744
732 970
839 934
91 581
330 370
170 795
615 959
942 85
657 283
681 685
809 480
818 366
638 375
713 28
804 173
453 281
992 69
443 287
304 71
186 119
333 196
297 950
390 405
447 332
674 256
510 420
223 661
525 599
766 245
719 81
55 648
516 942
919 263
405 937
552 417
245 810
105 159
380 7
368 967
275 405
919 964
523 203
706 792
977 236
907 761
472 980
368 677
560 291
582 980
364 817
185 354
955 834
237 580
377 714
838 969
714 715
330 752
972 135
130 692
890 264
429 548
359 639
89 469
731 552
951 795
611 430
885 182
957 166
939 487
356 563
123 280
964 946
607 58
347 848
801 634
957 23
460 593
758 955
52 699
951 569
537 797
293 191
222 239
973 781
133 740
770 877
773 630
278 535
101 887
509 498
127 39
37 267
115 551
296 907
188 169
923 294
606 915
537 680
432 458
325 401
453 364
740 166
641 267
906 689
716 856
715 887
111 870
628 60
223 888
558 291
462 500
656 359
90 943
661 26
663 636
794 765
865 280
360 425
17 888
859 913
587 283
607 963
295 189
354 731
564 634
167 71
632 388
940 325
321 435
393 30
656 916
24 845
95 737
385 674
423 174
595 745
411 686
730 896
15 32
934 318
150 779
95 886
263 726
602 70
482 997
345 215
327 419
990 737
852 514
63 357
804 877
976 302
795 866
670 550
344 392
786 35
514 368
791 726
490 609
623 627
921 681
278 382
283 468
356 678
487 403
302 227
396 92
133 972
610 112
494 927
353 25
210 642
407 87
184 780
255 150
89 944
754 898
258 447
64 370
248 15
120 906
14 864
755 704
331 812
580 509
428 725
671 966
49 115
129 59
181 455
952 181
684 482
508 529
306 836
353 993
312 505
366 812
385 371
902 440
742 187
508 5
309 468
937 795
497 796
26 892
90 165
864 778
959 31
945 581
511 437
312 70
350 514
42 467
151 727
498 785
336 188
688 289
502 713
29 247
243 725
203 812
60 659
851 40
835 291
428 891
820 149
186 195
327 391
868 185
21 1000
464 687
229 609
658 427
52 942
942 531
839 121
861 705
643 402
57 577
757 528
848 980
890 179
619 531
972 841
892 517
718 997
610 818
772 197
403 922
409 473
502 292
819 98
970 218
176 587
448 224
526 415
351 598
779 513
852 73
410 164
710 27
40 441
280 584
102 45
525 110
430 786
144 407
609 197
718 417
844 804
847 71
525 511
358 16
949 659
732 773
642 61
417 331
850 184
49 159
995 41
381 976
201 292
702 836
243 97
206 23
372 315
486 263
931 150
474 343
805 689
954 93
756 417
98 791
927 866
141 809
770 298
13 820
668 882
707 780
85 672
696 635
399 170
350 732
224 592
426 244
392 444
122 679
730 806
116 597
501 705
584 319
802 490
544 41
474 139
882 60
220 955
557 532
801 34
512 187
15 24
5 656
536 817
539 658
226 683
632 666
635 205
66 64
857 379
10 144
588 253
610 517
592 248
550 129
420 942
627 526
442 866
867 31
356 536
217 246
327 137
107 735
728 230
321 848
183 590
57 718
175 945
340 91
390 234
364 289
558 985
649 515
749 658
908 143
552 97
940 760
667 848
634 293
864 739
434 661
899 357
544 888
887 810
121 319
999 428
43 179
456 52
918 572
432 52
470 565
606 609
521 801
700 614
392 747
300 12
267 221
470 932
437 165
977 432
85 723
266 31
896 186
589 355
741 440
194 813
487 860
346 144
275 404
294 464
595 607
389 484
449 665
600 967
47 331
656 937
832 221
570 163
399 63
845 475
33 435
315 772
579 51
414 984
129 600
756 660
77 770
733 312
336 132
583 760
30 648
197 24
476 916
739 774
939 312
445 175
673 500
164 745
346 724
402 162
645 102
750 291
901 140
960 600
777 438
796 502
70 759
187 969
961 34
635 992
468 982
770 584
700 649
458 236
973 699
61 65
322 623
478 406
398 936
790 510
296 110
725 155
92 744
22 199
316 480
785 175
405 310
338 251
250 479
640 425
261 791
62 806
231 981
144 479
311 93
315 390
214 59
954 307
58 492
810 959
334 17
542 602
413 926
196 18
287 869
898 266
427 561
171 357
390 1
798 130
637 426
485 141
693 488
458 795
111 71
183 474
828 941
257 191
854 661
266 386
125 871
509 648
385 560
902 255
945 297
654 521
852 726
744 238
617 352
29 18
310 741
630 750
939 151
317 279
209 502
216 438
752 600
143 399
903 383
167 309
703 199
742 683
584 597
126 1000
307 142
489 791
394 635
905 229
502 63
360 516
179 456
770 701
919 284
134 864
714 974
758 415
942 726
801 534
605 616
420 196
719 480
633 871
575 588
192 107
981 293
430 21
88 172
439 345
921 458
23 158
870 551
373 213
49 263
931 673
993 488
645 687
351 642
858 934
359 183
733 486
957 766
33 996
366 608
441 399
504 489
124 530
840 323
362 907
236 992
645 978
116 190
176 123
474 670
489 4
56 673
400 627
809 849
278 628
462 465
428 161
512 660
819 784
125 41
181 375
717 357
864 167
774 244
461 39
546 143
964 130
713 390
162 132
769 404
518 233
846 234
264 716
928 563
447 101
929 238
859 109
860 450
238 90
646 77
884 456
557 414
526 663
798 920
766 827
328 578
94 629
648 545
61 596
772 642
609 800
316 518
579 152
561 645
394 548
14 197
753 157
790 890
479 91
373 708
191 471
322 258
765 558
108 375
127 469
186 821
738 702
796 62
264 151
448 340
52 862
226 89
209 781
30 781
511 936
259 45
563 251
726 645
711 869
571 708
109 637
154 274
376 276
545 565
513 28
382 814
843 296
516 338
296 949
403 891
728 984
356 953
31 855
429 37
447 813
255 181
495 634
465 691
566 77
796 802
529 874
36 142
790 115
687 242
634 369
73 391
561 426
963 490
537 385
872 528
428 246
374 862
286 236
607 868
242 792
78 82
30 209
395 340
732 475
950 6
110 355
807 395
609 640
352 700
918 608
814 561
871 618
547 854
52 472
567 267
881 512
629 766
112 91
453 119
769 658
191 277
358 782
15 27
844 193
60 688
901 6
857 378
856 161
551 458
274 114
277 945
264 36
799 988
341 58
173 376
961 69
65 8
17 429
623 581
458 201
259 504
406 377
722 918
541 498
943 66
503 587
86 465
469 471
917 867
809 42
882 592
611 146
539 209
524 523
620 476
933 270
610 70
780 364
230 703
325 153
58 516
774 854
151 269
74 234
352 408
351 730
616 873
944 729
710 919
534 161
239 421
130 187
969 481
421 1000
922 143
512 911
525 241
534 16
847 203
356 166
551 759
681 589
422 937
742 102
907 63
447 334
394 70
710 704
949 904
452 208
860 245
533 201
772 887
681 990
793 180
559 933
341 696
343 30
718 126
542 168
907 285
431 939
397 839
404 369
479 991
850 737
924 632
263 462
204 422
886 654
63 109
858 103
661 440
111 369
122 922
86 49
221 854
954 549
944 374
549 950
381 892
807 832
973 600
139 988
946 548
674 535
252 527
666 999
792 598
139 813
30 826
126 687
13 913
221 745
334 952
302 346
973 525
737 651
539 189
523 964
486 678
370 967
908 221
414 431
286 729
453 72
218 975
885 661
791 112
939 933
763 569
603 780
361 681
733 385
628 745
24 535
850 351
81 167
724 196
727 743
714 596
819 744
126 250
418 787
790 59
386 309
232 419
689 180
102 67
874 248
710 770
704 80
555 847
628 399
741 616
429 258
875 734
310 15
332 595
478 977
997 847
724 521
963 307
304 53
260 160
551 616
432 250
681 826
561 220
444 816
764 957
103 589
416 397
988 821
437 41
534 649
992 304
154 717
565 813
312 317
529 519
747 855
864 617
100 154
1000 392
631 243
354 285
838 555
685 160
96 912
616 199
190 894
487 941
645 234
990 405
118 204
674 682
92 943
961 190
212 496
303 923
274 751
573 9
78 250
897 148
930 994
736 617
395 683
979 319
838 6
862 392
918 430
315 199
80 960
915 942
47 467
614 807
514 251
935 275
875 924
167 997
29 688
515 364
974 435
25 248
279 695
983 835
250 837
270 794
163 838
951 225
613 450
704 546
993 665
15 578
509 841
147 442
940 128
78 230
604 186
932 609
890 795
851 531
198 810
398 561
950 325
642 522
534 516
276 892
501 747
858 172
474 181
980 68
999 872
601 582
52 138
878 26
807 42
27 476
511 183
708 573
325 735
473 100
551 33
97 656
27 333
856 675
393 363
468 809
472 172
175 46
341 406
915 347
511 986
902 695
635 510
302 291
546 122
867 458
382 589
365 385
743 620
528 611
382 988
143 934
974 640
813 638
433 370
896 886
701 969
942 659
762 201
469 645
571 421
311 230
115 548
706 912
88 423
365 965
576 396
615 997
416 213
970 668
591 76
427 651
453 435
430 794
166 204
816 249
604 120
767 924
914 982
415 66
8 801
196 250
20 72
979 629
194 967
211 991
16 671
385 462
261 179
47 742
747 654
489 658
110 66
276 784
668 530
426 133
318 399
636 414
403 832
221 202
471 907
510 843
940 414
199 203
828 166
821 173
695 644
954 4
367 567
338 943
190 980
542 776
40 573
517 53
42 215
298 381
709 861
229 597
985 477
515 289
1 950
734 672
730 634
557 837
681 713
909 284
503 469
785 621
826 806
577 148
196 838
438 655
773 654
338 499
781 179
123 607
537 195
59 896
35 33
766 578
532 970
681 496
374 767
268 40
255 168
435 52
577 720
144 501
571 318
755 525
832 741
629 236
22 394
49 40
694 440
396 731
474 535
127 755
862 610
520 767
266 827
448 650
729 815
34 335
453 407
208 486
6 809
564 835
987 332
956 655
972 536
958 607
188 699
210 287
633 622
410 749
230 161
881 594
404 387
85 578
769 467
280 256
263 457
416 320
631 456
935 766
744 244
356 250
109 173
142 853
544 46
458 598
722 567
90 445
63 322
839 285
342 799
843 806
493 865
186 891
260 6
78 773
484 612
565 317
179 494
435 24
454 852
807 485
973 552
83 522
688 856
472 19
628 822
396 994
648 54
463 863
523 886
193 335
486 724
32 843
877 285
787 843
592 549
5 520
706 647
302 202
804 264
142 435
218 861
607 197
184 741
933 381
258 39
927 796
316 337
245 437
31 814
88 496
789 414
82 242
693 818
141 427
790 56
59 46
248 426
396 767
789 368
386 421
672 284
723 500
64 567
824 797
346 417
665 51
228 909
431 872
858 516
604 32
565 186
437 135
538 850
885 569
742 146
779 100
234 397
271 768
457 682
797 344
391 747
401 623
272 881
41 803
707 87
51 731
603 6
94 671
419 883
901 443
977 205
599 50
910 651
706 180
411 848
843 885
518 335
100 93
821 790
492 236
581 388
725 490
770 699
667 289
445 403
598 219
212 386
360 661
587 86
240 123
536 696
424 114
584 174
432 346
605 614
538 417
539 152
795 50
724 404
636 616
640 773
952 535
981 762
23 152
417 825
43 951
382 131
240 680
866 852
667 877
784 975
144 430
419 100
666 47
335 184
887 895
158 643
253 799
309 541
914 721
115 802
789 816
821 76
785 580
456 78
434 766
867 832
678 719
232 405
175 769
915 738
457 612
242 754
298 544
889 617
708 491
11 141
432 166
968 120
57 319
989 478
977 510
817 341
113 941
459 460
591 431
812 456
81 82
852 280
592 866
350 630
439 707
464 501
337 889
467 950
855 219
198 698
806 389
96 736
730 99
664 269
63 309
213 504
341 179
469 110
911 123
750 209
787 73
632 711
757 763
441 517
387 557
583 851
200 892
754 319
215 633
920 597
264 153
764 356
13 770
621 45
948 355
736 953
153 647
743 542
874 859
469 305
554 137
478 161
390 839
9 564
175 131
641 795
307 315
224 491
80 655
447 771
999 854
514 442
183 773
165 778
39 714
442 385
654 454
676 154
181 926
221 99
81 720
577 715
631 568
724 142
936 930
158 620
286 417
534 155
917 257
559 995
318 790
905 957
842 462
720 824
846 264
774 549
555 763
928 917
410 500
893 883
716 780
545 313
7 31
194 546
512 707
767 927
202 965
500 738
67 449
51 964
196 251
306 871
91 455
261 289
67 110
345 66
77 57
719 638
778 108
512 400
734 869
57 53
759 722
236 46
134 339
891 346
854 322
450 384
627 324
868 122
583 529
149 790
786 821
824 128
517 163
687 535
82 834
817 829
161 305
952 36
294 119
725 305
268 534
951 819
330 811
362 657
296 343
298 269
174 664
363 289
282 825
201 687
96 301
709 580
297 220
80 732
762 8
874 718
658 831
97 895
365 607
466 332
325 843
616 732
410 135
927 382
614 814
562 5
196 283
269 721
883 451
115 877
137 883
836 390
656 81
609 87
296 576
135 574
941 112
90 548
767 802
849 465
353 514
971 681
431 855
984 924
841 821
915 538
882 411
334 218
742 247
910 995
987 252
309 408
684 52
958 559
831 295
688 63
680 997
30 66
732 296
346 159
42 372
205 232
902 22
467 897
205 822
53 20
901 757
916 406
384 751
350 590
425 405
685 559
129 605
979 307
964 521
146 504
221 852
520 787
42 57
481 527
616 94
834 13
946 595
263 895
469 38
679 183
958 506
652 769
123 431
674 533
679 260
442 773
867 60
777 260
157 4
930 762
992 731
794 801
832 308
139 700
891 787
587 58
74 475
93 301
701 46
973 777
874 493
230 718
182 621
991 677
196 601
594 515
184 853
978 663
465 616
796 548
106 874
288 755
43 933
550 767
185 640
572 3
866 800
10 532
766 345
280 818
779 296
482 680
965 205
345 972
822 334
490 239
131 637
37 394
372 207
690 724
551 661
177 794
671 12
621 849
401 355
537 232
675 357
423 503
831 458
615 355
566 109
417 597
570 96
437 55
713 768
920 15
731 223
270 457
287 533
181 50
347 214
366 118
630 963
684 175
337 796
856 828
907 648
15 447
13 682
829 584
96 692
575 36
246 762
302 696
364 785
968 653
242 373
811 466
998 772
164 520
492 237
826 765
65 69
302 410
350 102
867 88
815 216
766 814
527 212
551 497
323 866
348 579
350 497
244 540
939 596
890 10
106 541
732 761
514 548
628 954
792 850
478 341
135 556
257 934
611 829
60 45
251 164
887 600
446 774
202 490
404 546
496 515
795 339
549 320
54 678
992 803
663 472
22 448
210 928
175 546
288 910
823 150
715 603
44 287
63 525
889 782
46 309
529 941
497 677
900 695
962 681
233 99
324 78
1 101
99 838
120 299
958 758
980 657
485 93
238 383
233 84
3 800
530 226
427 988
160 561
380 980
146 636
294 396
377 842
671 262
251 865
732 272
71 920
898 702
544 387
928 421
525 893
711 618
566 363
721 146
891 302
753 257
609 805
403 482
796 283
47 915
910 279
493 919
187 788
403 339
466 316
527 10
485 755
51 960
491 378
866 322
705 960
190 792
450 765
640 597
914 76
91 757
709 921
305 579
788 475
581 14
791 871
577 63
946 204
199 760
148 894
410 49
448 228
819 407
710 273
187 321
999 166
675 756
287 250
589 934
164 119
21 287
24 546
562 30
49 433
715 580
202 8
719 148
633 211
580 590
248 47
146 13
508 609
556 471
520 709
119 857
727 542
875 779
327 253
882 349
25 218
82 477
528 207
205 882
141 724
898 893
793 221
922 507
229 491
214 401
987 147
110 358
688 20
742 859
82 564
128 507
836 660
336 126
137 355
856 837
660 9
312 247
116 593
310 561
296 988
904 426
800 779
764 52
216 450
479 803
492 279
954 524
263 794
783 99
939 429
455 50
744 967
817 909
378 205
539 436
661 336
9 885
818 709
880 406
716 228
117 337
1000 527
620 328
259 10
942 269
355 469
707 14
519 987
112 206
496 365
648 378
633 796
691 188
492 395
303 706
767 489
469 566
291 778
109 751
904 618
978 688
207 102
465 515
395 856
639 163
987 642
953 790
756 572
991 614
704 160
300 859
301 46
396 326
605 224
405 496
334 398
228 693
120 22
871 157
177 113
414 358
370 686
721 636
258 274
22 379
847 384
859 746
396 676
555 757
457 184
580 320
86 537
582 498
44 5
172 210
695 651
345 514
305 945
772 356
779 203
484 83
621 910
676 593
471 439
807 313
403 207
907 367
985 579
513 980
133 174
989 807
350 591
760 529
485 472
731 400
969 213
319 833
117 622
115 888
346 801
130 786
231 785
647 519
687 554
104 371
820 73
289 391
868 183
995 114
374 29
1000 732
335 808
30 825
568 384
458 232
426 677
342 622
37 212
576 778
297 319
762 45
856 42
657 79
126 396
787 572
459 543
878 360
109 723
257 970
486 161
598 633
344 464
464 623
16 127
823 284
475 434
2 62
836 921
179 570
793 970
542 719
463 994
968 87
437 585
33 589
14 824
332 767
774 482
116 166
629 992
137 584
484 273
762 826
944 441
787 224
834 571
797 677
300 387
233 928
436 426
256 249
935 283
633 479
831 346
393 944
859 5
225 821
777 708
391 634
360 76
105 86
968 907
399 31
536 79
846 940
99 745
503 91
967 936
980 430
952 511
385 726
795 603
616 44
815 532
7 699
503 200
401 280
22 712
815 389
202 788
839 20
159 925
18 35
193 366
904 64
8 21
446 715
255 345
185 881
725 50
257 667
990 919
919 137
538 695
66 985
729 183
644 928
725 187
691 71
286 681
880 188
365 700
404 700
903 554
28 524
819 299
652 249
657 341
287 150
180 700
400 826
349 505
614 431
617 601
875 913
107 299
846 111
590 644
258 299
104 563
746 910
747 347
125 451
487 732
229 357
12 461
824 827
251 842
718 883
336 373
483 742
10 250
565 620
638 914
430 695
219 32
627 223
862 858
135 294
565 669
911 385
972 689
295 92
483 452
983 19
881 745
254 629
242 37
354 619
856 793
449 325
780 703
623 105
950 715
73 773
646 208
390 915
742 617
345 133
829 619
744 93
318 240
122 315
713 966
532 270
660 827
420 544
350 801
901 191
429 686
517 309
468 820
344 506
403 43
735 150
114 732
132 3
777 498
562 584
193 235
913 242
761 472
722 942
635 499
709 920
216 35
796 964
677 250
680 658
532 723
978 939
481 385
135 642
635 352
182 458
809 67
723 901
390 980
374 662
857 760
878 806
188 878
444 448
942 67
175 592
412 870
257 163
349 477
888 401
823 245
828 301
23 525
85 984
814 32
345 779
188 547
267 180
50 572
72 92
254 804
993 948
764 625
582 550
972 582
332 997
578 973
134 55
447 52
584 70
858 365
968 229
567 263
915 990
396 853
690 846
214 368
169 529
425 447
65 960
525 864
929 127
380 223
384 692
740 175
726 142
30 657
971 373
627 759
475 610
133 168
322 243
804 851
144 746
74 624
290 917
353 839
994 673
756 768
890 510
726 104
711 252
52 911
53 498
408 947
282 916
788 554
473 871
660 573
41 43
574 159
188 462
575 674
172 474
62 499
924 506
835 689
106 707
473 912
748 37
839 894
329 241
619 784
788 867
883 679
740 848
282 72
874 494
319 522
814 42
93 907
83 141
728 726
675 497
202 517
44 224
487 740
52 892
992 458
295 433
881 790
759 886
106 456
287 797
438 411
42 592
595 772
431 966
290 386
698 7
186 339
632 255
622 414
146 581
347 204
518 181
959 461
891 395
484 35
712 262
270 354
587 443
26 910
703 968
225 921
468 543
12 985
152 748
542 473
824 158
274 195
147 947
39 321
990 284
173 975
46 545
903 823
804 887
911 957
716 635
402 159
331 15
852 603
861 659
661 791
938 908
8 201
744 691
714 983
127 382
808 400
853 480
946 258
766 899
588 851
183 681
700 373
666 645
943 125
49 653
545 512
868 640
605 432
970 31
330 190
547 902
524 698
308 841
80 984
634 467
302 144
639 70
699 277
476 106
278 912
318 330
491 943
310 481
77 107
645 872
999 799
353 834
875 837
417 493
45 157
654 841
289 683
659 394
680 452
394 102
90 937
181 286
845 775
573 760
854 575
472 745
346 206
872 266
836 493
638 849
896 10
31 963
423 215
461 352
30 463
616 695
466 322
630 880
816 704
512 201
455 215
755 501
721 197
835 333
137 817
165 334
385 611
527 48
929 769
354 636
471 926
437 538
352 826
151 796
578 104
947 933
937 159
199 425
762 876
493 158
648 469
888 954
463 828
320 38
174 833
468 102
973 130
308 527
376 427
353 217
424 4
338 438
230 744
531 497
292 27
241 420
477 1
973 956
886 487
905 676
266 698
672 681
788 795
993 9
370 886
757 122
704 122
453 185
168 295
996 789
561 304
215 467
14 874
296 651
870 149
817 31
932 312
384 254
901 951
512 762
884 128
727 346
819 791
107 985
790 920
96 278
404 471
730 733
75 741
91 109
128 17
574 586
367 200
495 263
43 142
686 596
543 309
289 2
879 109
609 601
848 511
332 160
281 678
502 592
877 892
470 50
683 463
43 940
337 655
503 62
109 419
554 304
293 459
558 560
673 454
604 762
169 871
830 108
144 547
178 557
570 553
937 362
520 478
332 356
406 743
948 366
640 599
881 133
97 162
647 876
464 963
553 427
917 842
22 934
903 875
706 347
468 122
107 202
89 331
535 380
652 440
121 90
139 599
620 4
895 130
737 800
774 879
609 384
482 925
709 330
692 568
201 99
675 329
301 456
488 721
197 247
145 612
2 999
996 777
941 248
533 745
980 354
999 390
548 46
400 694
874 60
486 174
396 642
628 451
206 25
634 604
266 146
927 219
784 347
931 156
55 268
993 971
906 962
234 433
508 176
481 744
37 914
206 827
730 263
233 895
162 453
720 391
683 269
78 369
25 619
264 749
467 998
29 947
342 442
552 884
57 58
521 459
631 480
833 553
834 770
85 396
602 230
773 165
976 63
5 203
670 702
928 306
530 410
512 177
454 578
203 206
367 563
652 905
579 891
229 574
51 306
967 768
660 728
644 293
423 594
669 918
13 978
62 353
202 776
787 836
574 156
8 189
658 171
454 14
438 643
496 272
574 367
467 241
16 375
210 495
537 955
311 288
508 211
903 732
814 329
836 641
563 75
857 682
952 722
175 417
610 50
477 73
942 493
973 591
475 424
793 835
650 988
494 784
743 195
601 387
733 41
112 573
420 334
719 106
244 10
227 860
55 114
771 933
993 245
760 232
494 821
289 654
698 469
401 980
698 802
572 260
495 232
872 625
11 121
146 928
220 337
732 290
471 448
96 478
902 122
116 913
785 242
394 165
103 693
34 924
683 361
890 863
542 60
946 925
484 44
726 517
367 690
882 203
590 296
4 715
833 565
81 296
869 479
800 698
893 457
517 883
425 299
834 921
99 650
713 780
937 384
117 608
165 827
986 437
35 949
904 166
977 288
892 357
456 813
952 178
607 361
246 46
305 568
329 434
40 827
627 865
520 101
616 398
924 479
909 397
44 537
984 339
437 840
421 371
279 117
504 791
278 183
207 215
762 154
653 25
951 724
218 968
115 556
560 751
192 291
46 66
892 920
277 374
651 393
724 193
157 704
653 251
128 970
880 975
701 751
253 232
200 662
552 752
382 295
864 34
742 7
926 334
858 512
219 198
781 772
552 6
86 682
942 882
722 519
437 52
315 600
707 202
450 161
893 139
971 577
985 475
137 441
618 674
276 980
78 472
480 871
372 829
178 742
820 777
240 435
238 162
186 569
706 176
198 636
218 342
237 26
884 731
970 415
61 812
388 44
27 356
284 77
609 663
125 677
327 41
976 293
856 379
375 317
970 463
273 117
274 454
960 297
483 780
248 747
751 971
490 616
383 231
496 457
317 213
504 964
737 682
9 621
653 940
411 257
875 228
154 849
182 588
32 731
563 899
891 542
987 863
718 733
629 398
595 274
10 676
687 354
266 522
675 682
876 345
913 737
893 762
841 7
73 493
36 231
692 20
718 511
991 969
908 435
803 95
435 835
645 988
667 379
163 845
703 591
353 591
281 282
58 94
965 448
355 247
510 487
681 793
578 999
100 359
93 200
357 400
621 963
750 665
343 221
436 801
733 981
55 713
922 391
404 327
668 660
440 403
232 827
186 763
450 52
488 511
308 138
350 517
995 496
542 391
356 190
936 530
335 597
471 607
717 163
136 234
800 849
692 423
341 191
198 600
513 572
170 704
196 141
670 506
263 832
213 117
749 99
877 319
109 196
626 494
848 828
575 315
528 954
855 539
144 947
74 316
22 564
467 359
602 758
506 195
217 268
834 340
183 611
627 857
792 770
867 198
567 665
607 136
41 239
61 244
615 685
601 295
378 872
969 267
274 607
538 304
645 636
942 470
466 503
230 356
286 538
932 232
678 508
311 253
688 2
279 387
304 373
305 12
35 231
673 946
534 763
423 72
676 100
895 368
580 472
104 529
374 801
158 882
654 663
949 525
147 838
148 300
3 611
941 409
466 827
448 722
440 738
257 508
855 292
180 748
452 265
91 475
595 987
816 988
285 439
169 646
646 912
686 625
102 584
363 840
750 292
199 486
163 724
371 665
962 332
290 689
7 620
377 581
602 150
49 314
510 991
630 552
462 866
435 506
88 703
565 179
761 664
8 64
708 685
570 714
991 30
316 774
786 98
553 373
610 894
592 285
892 861
959 45
250 113
198 241
532 753
628 846
240 903
691 16
982 529
966 234
182 645
827 592
439 366
206 522
204 689
256 487
282 39
157 985
72 559
268 212
121 132
847 459
140 24
213 574
876 274
254 394
148 627
19 877
370 703
97 93
582 68
527 717
876 417
115 881
548 67
490 247
20 676
244 127
350 527
558 412
941 108
600 402
124 592
654 883
516 880
149 105
902 345
810 654
776 989
46 739
162 484
879 337
419 495
516 775
944 62
765 74
361 156
676 14
663 961
703 788
427 25
604 895
227 173
959 463
742 981
599 948
180 486
255 866
241 208
494 130
77 938
171 173
860 690
455 237
312 5
809 672
360 842
388 186
472 843
808 741
494 476
136 162
155 334
561 711
599 267
32 499
565 151
490 851
60 449
649 100
463 516
304 915
946 478
341 472
236 130
218 405
863 39
867 32
887 445
528 898
909 315
857 122
895 918
843 59
627 864
973 692
939 620
524 60
17 28
111 270
37 209
994 20
476 326
847 369
633 829
634 110
541 754
1000 780
473 652
292 112
405 319
408 589
351 663
49 365
582 17
436 278
202 325
75 721
499 317
340 715
197 206
421 70
310 487
221 216
247 889
637 720
323 888
231 803
163 195
258 757
277 87
479 66
45 155
362 801
970 544
665 54
647 604
244 269
229 479
492 775
897 91
607 954
132 688
404 61
533 88
863 929
224 672
43 164
181 464
579 502
985 563
289 100
253 299
638 90
719 562
81 506
746 508
444 853
403 93
115 84
99 746
435 189
100 49
686 792
485 505
143 103
293 694
214 615
298 28
482 337
797 230
726 180
548 872
330 653
350 840
612 59
801 348
989 367
532 484
517 8
762 763
503 491
985 24
810 316
130 535
331 186
688 889
729 99
164 271
710 312
143 731
477 893
819 845
585 636
326 2
857 880
917 534
24 859
266 696
140 81
953 994
218 941
679 872
404 558
283 635
233 436
957 113
804 15
862 285
651 436
10 564
68 258
819 714
127 801
720 849
217 387
319 18
802 939
274 110
954 222
962 677
471 165
186 280
149 161
78 121
81 171
188 649
346 156
67 488
156 717
50 742
289 806
567 399
935 683
572 615
186 422
280 95
586 406
640 207
800 532
864 813
648 714
781 914
780 555
980 898
660 113
196 527
367 824
3 962
99 697
979 431
678 629
290 682
355 912
798 786
17 527
612 72
463 734
302 728
29 352
801 143
74 603
695 815
467 935
243 660
706 4
731 763
207 137
762 799
104 477
382 740
420 769
627 939
994 506
903 980
490 589
142 338
240 924
405 662
832 368
321 765
684 852
900 297
743 507
945 384
356 977
532 828
19 739
336 889
580 660
482 923
219 724
610 415
174 172
784 32
857 622
144 399
20 530
171 998
746 862
549 497
642 53
773 155
20 641
37 557
82 70
874 58
754 44
662 163
242 640
728 539
809 431
286 215
859 819
989 396
591 360
301 906
379 470
125 198
487 931
517 746
814 568
104 863
621 934
463 443
659 633
508 33
346 132
608 351
574 612
573 943
775 311
372 592
691 776
637 220
685 351
603 468
416 314
717 100
459 380
299 407
122 542
824 278
63 289
533 370
144 314
674 808
488 363
252 284
678 736
346 841
844 61
923 113
34 570
790 793
421 234
223 18
811 460
672 184
456 819
751 520
664 614
598 149
545 799
515 675
845 700
570 698
330 935
293 49
111 97
169 99
813 954
946 621
83 741
374 420
196 844
867 916
19 545
627 820
558 630
706 701
287 420
108 135
880 104
273 350
193 391
636 685
662 771
19 767
115 594
943 798
241 984
700 33
995 615
376 21
231 937
947 456
362 40
642 102
704 211
262 415
917 493
784 155
513 499
76 893
992 360
817 37
211 306
915 688
557 27
816 155
541 327
125 121
508 359
589 394
560 144
475 674
195 119
432 867
761 544
655 683
223 557
663 960
985 982
967 674
380 24
399 150
113 691
259 867
24 156
138 172
717 8
189 623
462 605
194 199
592 289
431 662
388 187
119 131
191 310
613 495
40 624
937 390
26 687
717 545
524 272
987 179
811 271
299 558
431 101
307 43
952 180
293 68
866 262
640 529
808 403
186 414
57 641
994 418
500 431
869 994
598 288
361 999
415 710
697 593
922 822
482 865
970 26
79 794
120 745
946 99
969 450
887 992
249 948
527 691
275 798
348 952
849 645
559 258
466 79
603 946
966 256
590 684
957 579
119 876
836 788
379 707
486 229
839 675
537 465
429 379
915 716
606 581
918 961
527 913
81 846
59 552
858 433
437 50
441 55
500 598
217 600
968 800
339 540
792 78
833 614
6 440
281 719
786 596
18 490
55 901
350 559
578 722
760 561
821 126
949 425
865 934
916 294
172 758
618 578
415 870
230 214
231 469
522 780
890 450
816 545
247 195
584 605
866 443
441 604
460 392
29 445
602 353
880 323
443 583
939 570
467 333
213 177
584 827
92 934
2 474
558 575
5 709
782 903
518 909
106 937
362 319
828 176
23 150
795 441
795 873
663 102
131 785
26 25
357 585
692 726
1 301
845 740
499 280
953 818
275 939
239 474
371 210
577 515
941 34
466 194
379 751
380 668
876 633
797 611
931 229
492 981
642 880
55 293
58 123
685 942
334 228
686 377
889 627
655 746
603 301
505 890
660 284
897 166
755 918
560 88
392 570
120 415
964 138
297 589
385 507
542 235
347 265
223 394
345 280
532 52
902 985
661 392
955 679
904 435
10 475
372 998
95 861
905 47
160 242
490 793
833 285
155 265
691 747
730 143
930 605
766 902
496 9
522 691
618 856
145 996
592 307
830 845
429 588
51 102
218 765
916 894
577 50
27 17
451 829
213 966
986 710
182 703
239 826
38 142
350 353
5 586
889 497
446 852
585 1000
417 878
804 334
787 632
700 431
316 416
266 605
196 670
850 399
728 847
505 730
716 824
372 110
106 62
182 251
510 212
22 336
775 882
633 327
63 556
489 95
915 663
1 43
310 95
37 701
665 124
498 279
278 697
172 84
470 913
551 600
860 991
152 216
706 408
855 294
624 796
440 339
651 927
458 719
218 581
33 729
977 109
784 332
392 421
83 538
255 840
347 277
570 469
636 886
473 431
536 139
960 855
704 961
544 662
124 208
536 826
648 852
684 429
722 733
445 130
119 47
691 598
986 870
152 848
960 629
777 385
669 915
263 934
108 339
131 284
169 209
387 166
39 555
652 746
834 197
507 919
421 459
5 652
130 658
563 174
601 103
910 129
532 755
537 783
299 880
213 986
841 385
325 240
830 587
870 532
581 463
191 951
140 139
503 865
605 530
399 910
770 782
74 131
681 505
274 577
631 613
908 788
125 788
642 500
511 315
113 197
923 453
637 601
990 431
477 360
962 968
210 101
27 569
357 786
197 889
415 182
976 692
760 235
686 215
225 971
466 138
750 906
551 751
112 798
813 176
64 593
509 921
203 722
975 529
632 148
885 558
711 890
262 932
31 260
474 419
497 834
85 527
64 895
285 409
52 388
366 92
497 211
869 75
671 453
622 269
224 418
199 452
219 266
545 371
384 741
669 164
446 103
911 155
760 702
133 103
393 202
123 71
252 289
215 687
660 776
311 812
368 302
702 135
616 68
686 988
748 577
345 114
682 83
539 486
830 43
703 315
246 434
790 309
329 550
863 33
813 780
795 769
136 386
178 773
431 213
442 766
630 327
636 464
784 685
252 391
179 149
82 534
496 534
353 154
151 75
356 795
626 180
638 387
217 507
572 315
974 707
407 786
266 642
853 718
898 807
876 225
269 781
790 209
116 286
908 93
780 415
619 129
488 669
35 208
282 475
432 452
974 780
97 492
473 412
407 609
919 947
325 296
310 404
140 755
626 720
935 560
980 274
331 676
832 515
851 289
689 398
470 985
402 537
264 586
732 411
242 939
354 721
225 735
389 446
360 34
752 996
159 580
343 171
335 909
755 219
775 382
826 622
82 595
547 743
367 918
246 589
137 15
428 762
748 647
360 192
161 401
398 422
916 295
510 906
276 326
289 309
808 707
644 361
293 261
351 19
463 629
63 367
126 785
916 517
648 251
631 120
209 655
565 282
142 197
75 34
848 994
758 357
581 93
504 600
451 947
655 265
537 854
98 112
540 95
616 493
725 213
729 146
288 472
808 287
737 687
519 819
234 990
961 807
46 131
486 890
912 365
831 766
325 200
101 657
227 554
418 621
311 154
850 424
727 569
947 402
876 340
19 935
611 513
776 554
962 897
162 729
776 697
465 360
522 470
927 82
819 637
876 634
788 756
719 988
280 899
797 610
710 753
234 310
521 864
617 783
451 75
366 826
955 363
523 47
462 329
524 508
176 338
855 498
976 809
189 692
355 692
502 549
157 150
894 735
398 352
823 705
20 146
613 61
546 102
86 919
837 933
824 380
517 807
898 811
514 627
805 502
906 366
432 665
199 285
221 869
882 97
26 885
248 957
273 820
181 675
421 244
868 163
27 325
640 700
435 40
402 227
657 236
317 20
744 864
584 969
288 262
877 188
382 746
306 872
875 423
857 944
783 344
386 808
26 456
402 389
294 703
226 193
818 829
840 861
734 121
183 749
644 897
496 327
294 526
80 646
732 586
206 417
615 831
173 360
304 409
468 356
362 163
788 827
550 686
629 111
434 743
93 930
331 885
944 344
762 36
70 402
186 247
41 680
704 376
508 494
589 531
182 107
613 413
758 606
503 339
214 568
430 613
552 715
172 228
45 370
684 79
794 571
869 197
548 494
685 691
545 352
464 968
369 508
77 899
503 664
262 799
507 106
713 651
189 442
670 315
15 98
878 62
436 213
65 229
797 172
966 832
204 232
132 93
48 760
564 120
75 131
788 231
825 396
361 761
536 120
950 788
442 731
503 578
681 222
645 443
634 230
126 410
952 615
93 371
610 95
272 187
600 89
636 687
184 832
814 984
540 421
121 235
504 221
729 484
696 894
27 716
182 442
898 107
112 418
40 415
663 425
44 447
580 537
192 330
67 614
14 951
914 641
883 456
974 817
260 660
747 137
842 367
951 3
718 314
171 597
175 849
569 970
958 756
814 888
449 964
67 277
394 79
422 561
185 179
367 159
849 244
890 1000
263 432
530 841
864 983
223 444
595 420
368 577
419 863
833 521
461 456
972 42
462 931
393 120
944 348
15 465
860 562
961 365
781 698
363 599
878 474
682 193
259 656
207 750
446 326
235 529
228 266
115 804
403 657
84 458
319 557
17 503
113 219
514 680
641 311
666 543
125 670
838 369
967 407
715 454
900 348
889 319
961 858
28 439
982 560
144 156
141 606
465 976
283 739
502 405
69 222
14 625
124 587
37 304
351 656
870 896
357 595
712 574
396 401
948 870
98 291
844 791
280 650
851 85
743 227
653 247
547 332
328 182
185 531
576 460
409 987
999 458
513 477
382 472
757 308
558 447
817 71
304 30
567 55
328 916
111 875
380 759
661 47
885 513
262 42
584 52
509 813
258 901
6 47
462 669
853 364
536 38
721 30
685 763
906 248
842 327
252 96
399 101
720 210
756 560
61 582
833 533
299 465
707 902
341 822
52 191
532 129
94 534
738 53
29 153
394 29
859 342
536 883
523 607
483 106
726 58
895 593
227 401
528 850
51 159
741 320
38 676
245 235
781 273
412 340
662 636
735 94
661 935
564 719
848 618
135 660
445 284
642 960
198 60
917 930
611 213
596 359
482 771
139 558
526 398
811 936
141 148
344 800
752 109
409 632
295 931
50 206
14 134
697 845
438 873
165 751
496 570
650 769
957 643
274 643
546 878
124 838
145 627
906 614
796 694
479 932
896 560
31 554
646 620
974 873
550 59
501 924
580 480
980 442
250 731
932 293
954 221
545 516
334 123
538 551
853 805
432 207
623 792
146 853
589 511
918 995
133 617
957 839
816 165
485 70
627 440
402 634
360 496
897 213
518 231
404 323
646 823
102 672
105 348
893 171
125 769
321 452
264 837
941 629
618 642
360 174
953 228
609 973
385 667
99 267
100 208
377 941
433 963
506 267
380 288
734 915
610 645
699 700
167 322
540 760
579 130
526 959
657 572
490 775
493 912
522 814
563 438
873 754
123 511
109 192
270 368
726 499
683 881
333 952
429 569
247 854
375 285
293 26
630 285
155 41
249 310
526 72
213 851
537 817
420 147
633 664
480 242
691 56
509 472
108 158
550 461
509 537
2 303
311 475
888 586
379 187
269 963
165 818
650 850
207 139
466 499
339 3
212 243
801 810
375 647
866 880
244 140
118 749
50 837
896 621
685 349
634 647
227 807
908 508
915 234
768 599
144 273
823 243
201 320
609 67
42 836
244 418
305 226
289 741
881 835
703 542
975 293
337 145
417 281
755 548
367 21
719 800
595 878
580 250
30 223
488 146
57 355
35 154
774 206
831 267
779 164
284 459
608 338
845 91
828 879
166 887
778 20
656 952
345 457
328 537
147 191
756 761
670 169
378 387
489 554
661 426
441 847
694 449
602 146
603 247
368 260
761 819
961 305
778 729
191 364
930 524
496 393
517 60
422 176
863 664
464 646
799 966
490 906
204 888
924 65
818 764
692 165
179 10
307 65
571 796
218 556
795 212
766 873
531 334
862 156
913 208
98 57
687 83
304 600
502 287
140 310
641 895
143 909
844 526
439 362
792 913
558 996
338 379
466 324
884 658
373 147
176 753
999 195
358 201
602 923
362 132
383 366
684 601
831 794
374 615
213 683
914 766
28 119
495 785
353 824
245 762
611 742
727 586
894 201
785 619
953 761
625 884
699 493
315 484
859 739
346 424
627 236
185 833
349 590
859 800
452 361
989 542
258 958
652 415
456 205
323 949
994 795
205 224
426 223
744 366
63 6
690 876
490 536
623 62
56 816
898 865
459 285
321 348
208 414
105 421
198 762
713 678
74 956
627 296
539 730
161 356
524 358
553 554
706 216
229 686
855 622
553 708
881 247
972 266
259 433
795 771
354 81
688 849
230 996
1 794
57 646
654 245
948 466
622 681
348 742
790 501
44 751
796 798
670 867
639 366
490 275
273 319
387 307
559 41
905 690
174 9
374 57
947 267
362 361
880 230
109 716
641 92
120 859
407 669
31 785
639 76
987 743
216 265
797 890
966 263
799 173
12 337
126 115
515 378
94 841
331 909
830 872
957 945
75 809
449 822
858 666
703 598
598 418
676 670
935 643
607 934
890 922
573 867
668 653
889 694
764 806
46 989
180 343
6 484
521 437
116 609
436 104
87 273
643 887
485 331
60 643
332 408
649 426
616 19
389 239
85 304
782 334
855 812
329 742
913 896
184 223
347 637
649 59
333 514
709 352
209 636
13 900
285 959
363 451
388 440
728 395
359 663
360 527
566 707
364 47
353 474
136 416
815 224
89 448
226 451
204 535
106 517
857 971
109 910
921 550
740 560
67 882
378 849
383 448
594 641
648 313
667 247
100 51
982 972
966 65
936 244
760 472
338 210
690 63
840 400
895 458
770 103
20 634
936 131
318 867
893 757
909 880
587 515
896 561
39 501
699 420
558 105
854 768
255 461
864 84
108 529
427 822
943 678
837 367
324 438
27 655
418 47
36 450
148 132
702 807
375 517
177 668
310 144
450 916
868 666
474 881
393 836
266 474
149 885
773 425
993 643
261 325
707 173
673 781
780 551
216 720
159 570
988 642
669 249
321 363
780 694
584 271
379 157
415 11
596 994
479 174
109 76
891 294
543 593
359 836
575 404
553 977
401 364
184 221
797 198
356 266
138 581
855 596
53 374
21 776
528 800
839 476
416 990
844 438
222 486
424 313
151 830
482 83
563 294
247 849
216 187
874 832
268 329
1 834
95 274
170 615
807 833
763 300
325 793
607 247
844 747
370 946
444 249
529 69
589 973
364 320
554 912
730 902
871 403
50 243
857 705
641 572
400 910
787 746
681 275
460 962
923 506
173 247
581 266
344 603
379 682
22 484
957 535
797 802
980 360
714 603
823 242
935 916
901 772
168 408
280 882
502 455
175 703
162 362
978 8
646 875
557 68
281 505
379 490
685 96
368 889
209 111
83 520
980 812
393 672
383 939
107 604
133 878
392 424
47 744
802 399
328 538
322 508
539 832
578 742
190 224
281 644
692 354
693 215
345 377
845 444
429 615
715 127
924 781
558 758
103 796
413 304
761 818
501 503
859 401
367 42
863 441
817 230
887 39
834 81
534 12
774 499
749 66
507 827
326 285
244 702
596 587
672 43
947 995
292 276
256 770
403 597
248 552
523 836
728 242
903 771
268 365
621 153
625 350
778 794
710 524
770 922
934 905
319 210
244 963
178 465
93 226
921 399
443 996
834 611
690 116
912 198
815 400
634 297
346 220
980 805
913 684
770 47
735 597
33 448
137 890
62 897
340 547
659 628
45 483
439 809
153 448
462 122
746 961
999 305
233 146
133 229
287 885
860 89
366 918
607 828
314 53
867 899
428 205
989 492
760 972
779 114
600 693
674 388
597 870
396 898
718 69
335 473
417 833
721 48
831 191
105 283
17 937
473 287
275 17
926 162
877 830
380 250
91 841
700 857
517 893
856 583
85 283
565 97
569 102
313 416
192 607
691 695
676 320
804 894
952 201
799 933
790 680
938 887
772 553
688 850
891 957
50 375
126 730
622 831
400 266
454 221
292 264
682 368
743 601
637 176
553 485
866 100
10 936
40 455
701 918
351 525
600 55
835 944
642 292
883 648
6 314
373 374
589 870
59 152
129 264
439 111
560 628
742 332
230 432
417 629
241 841
974 787
816 349
796 707
746 914
220 493
21 236
921 54
157 508
283 801
200 663
90 513
56 657
254 788
461 934
244 266
615 261
305 442
668 799
579 364
507 345
181 136
219 77
475 999
819 745
439 576
402 40
642 573
480 910
484 974
656 897
457 950
800 732
17 550
844 173
368 766
380 384
851 975
324 821
643 647
941 834
288 79
320 390
872 211
645 78
846 605
584 976
643 421
421 63
498 674
523 831
933 84
934 247
62 434
467 318
395 557
179 242
681 537
199 668
165 796
723 862
612 157
447 870
943 877
175 471
748 507
815 255
222 982
248 173
38 85
714 438
257 863
205 292
64 335
227 781
465 365
46 322
999 488
72 217
624 486
533 820
435 841
112 714
981 107
292 597
96 190
945 773
859 809
585 366
107 990
718 18
186 419
315 525
232 189
533 391
347 156
766 98
411 635
807 249
941 627
121 936
893 1000
207 503
294 359
207 898
55 259
265 99
893 395
200 648
40 701
664 279
929 949
894 783
467 44
403 346
903 81
904 149
62 253
411 935
639 749
929 806
92 864
881 45
287 154
460 424
243 776
543 775
195 941
749 494
640 558
951 854
130 756
339 694
652 538
94 171
126 530
257 767
458 40
194 926
957 82
146 960
502 305
568 303
939 696
257 616
149 554
390 844
154 400
391 413
72 569
390 218
364 321
700 427
701 990
207 149
245 450
502 467
400 911
183 908
220 686
727 819
563 786
862 738
337 501
376 109
390 970
876 458
55 103
171 618
210 12
817 60
230 203
909 996
264 442
755 856
681 605
975 295
500 837
451 155
110 508
2 691
370 345
483 522
779 73
157 341
327 901
183 481
833 768
427 51
525 950
730 696
587 785
471 426
797 278
655 1000
273 602
113 795
973 245
672 353
539 57
114 391
446 478
12 956
587 716
146 394
511 572
520 784
242 291
152 519
394 716
324 781
199 147
735 365
773 64
37 273
482 389
653 554
817 900
658 384
17 264
938 326
808 557
274 505
524 501
791 700
339 741
620 306
782 33
52 774
478 134
443 643
249 208
969 719
87 796
770 1000
878 633
737 635
882 580
350 438
260 986
615 638
213 242
457 396
961 970
921 541
98 422
173 312
9 205
47 355
988 451
182 526
53 958
150 104
904 604
463 19
121 232
799 405
106 892
440 840
516 457
165 677
24 519
740 815
709 440
547 341
797 87
552 509
861 109
629 241
97 448
558 55
324 233
833 469
550 939
295 472
708 375
533 876
555 748
538 978
812 213
810 655
364 732
375 607
225 165
802 863
180 607
371 940
347 470
318 741
319 180
363 610
841 652
897 226
937 973
628 204
637 632
142 518
767 667
935 511
441 911
82 195
337 814
569 776
967 558
18 387
41 117
223 462
830 354
833 526
725 520
857 384
416 202
180 403
132 286
463 748
299 263
449 438
893 435
864 679
204 184
160 754
995 159
688 629
639 724
990 646
826 751
814 958
252 515
53 478
39 607
833 74
956 449
544 3
47 176
840 954
186 788
613 864
744 714
946 314
32 838
141 28
714 814
1 649
991 286
814 509
984 488
468 185
633 351
89 480
459 534
297 439
961 968
232 1000
827 297
775 515
102 285
965 913
895 464
148 541
590 778
244 198
463 531
180 878
607 637
847 2
242 626
956 410
119 792
45 149
428 35
598 963
340 951
343 464
441 344
423 293
315 371
813 144
45 294
638 127
729 897
471 12
845 831
43 562
778 200
63 838
887 429
727 319
916 94
403 133
347 288
668 574
321 397
263 550
195 372
937 715
336 206
851 865
302 855
363 679
492 449
601 686
80 195
924 886
939 338
604 750
240 313
900 255
441 758
795 963
581 862
247 222
731 661
414 707
809 803
347 748
441 615
389 911
584 977
749 9
491 281
751 591
594 510
947 986
964 900
899 863
667 427
579 743
799 702
407 89
220 823
4 264
761 293
11 540
411 262
140 248
480 583
424 155
427 960
948 726
951 305
255 132
811 812
354 624
390 515
597 745
747 52
75 755
224 151
222 614
408 478
836 998
824 998
805 941
44 273
828 931
49 109
968 389
931 27
839 642
509 123
326 595
111 795
183 254
108 864
429 346
483 466
470 910
733 780
456 200
522 439
171 303
832 611
873 409
746 169
175 338
811 991
299 131
944 252
275 362
938 470
703 810
371 789
7 867
212 791
263 501
786 546
586 432
161 448
90 38
146 276
163 654
945 473
720 177
259 975
613 906
852 63
877 773
316 539
423 977
725 689
51 478
731 320
18 237
679 224
316 906
670 509
431 427
700 608
61 954
8 58
999 532
156 914
723 686
139 472
66 899
106 724
892 539
344 225
632 477
723 543
135 757
490 710
752 61
588 659
518 866
957 450
64 31
213 946
163 325
437 313
925 789
529 212
947 325
823 302
917 677
24 556
244 143
453 211
853 627
965 105
947 498
884 863
280 709
172 307
524 88
379 785
343 698
475 354
93 815
205 693
97 105
300 143
29 583
376 221
358 413
72 246
381 84
903 497
145 894
699 51
138 449
802 824
654 777
508 345
721 808
224 768
25 849
49 462
894 285
785 831
509 865
366 218
225 682
617 120
750 700
785 968
950 386
954 833
281 537
636 291
251 775
267 538
877 711
659 492
747 214
795 764
834 794
816 817
838 818
655 792
233 641
696 871
308 117
328 619
212 622
281 827
657 652
794 416
416 30
489 952
961 283
545 55
702 990
768 466
260 22
65 106
543 853
678 964
403 742
705 954
977 701
139 828
909 735
160 497
568 494
164 473
735 2
518 556
473 161
946 279
839 224
75 895
772 175
47 509
131 487
326 76
575 907
13 398
568 699
643 43
957 343
425 574
802 664
840 603
982 778
987 459
496 893
608 900
413 618
495 786
22 390
157 613
528 7
196 413
956 503
832 653
78 40
46 379
12 319
822 488
491 728
845 905
24 341
336 679
138 485
548 227
750 638
822 411
436 706
609 334
304 843
223 666
833 882
236 221
651 33
101 250
971 716
57 380
515 32
725 821
724 728
394 173
959 534
418 311
367 776
150 870
545 256
637 250
53 25
937 750
869 455
731 490
290 748
165 448
437 363
427 333
678 774
220 796
264 126
816 571
234 992
96 897
834 179
873 719
456 853
40 916
39 606
770 128
202 136
493 631
773 837
687 899
47 32
308 572
37 218
75 795
501 13
348 255
199 698
921 504
630 122
922 931
101 888
988 174
452 726
608 516
74 160
519 1000
956 198
117 206
300 930
282 437
562 345
430 229
921 282
685 273
746 769
125 324
715 518
405 965
883 424
524 96
215 439
435 879
111 774
277 80
81 823
137 997
245 588
871 776
770 339
341 766
654 961
755 896
205 95
958 615
336 274
500 557
880 145
888 599
50 123
571 381
96 498
149 360
801 657
815 843
318 273
194 771
271 901
305 665
699 950
847 375
96 609
115 319
56 878
357 326
530 568
219 365
721 163
998 721
214 32
844 175
463 707
863 354
574 915
5 412
998 819
782 252
380 510
460 390
373 867
156 911
85 31
450 748
208 62
491 280
597 180
378 122
455 274
412 711
992 609
889 22
286 663
161 488
198 67
218 773
221 482
115 611
662 973
760 475
544 439
220 173
91 178
421 962
745 538
463 379
563 681
984 658
785 423
775 772
817 22
300 867
934 668
949 930
756 92
573 674
478 958
137 658
638 920
237 545
2 604
744 395
678 742
524 505
278 947
363 983
370 21
975 528
566 247
687 475
897 346
111 222
489 927
976 189
264 841
52 232
147 20
722 608
320 544
411 667
748 736
30 675
677 684
306 386
221 864
313 365
722 755
815 562
651 565
751 652
313 478
367 663
43 837
942 947
100 818
853 220
726 90
947 795
804 944
346 70
787 194
38 120
616 272
999 535
857 10
116 29
587 401
166 284
730 427
162 296
221 292
661 967
949 380
740 576
819 115
16 260
514 543
531 423
454 426
593 802
580 780
527 979
270 150
810 549
596 246
409 196
567 992
533 515
753 565
81 716
351 724
615 907
619 76
73 32
185 734
483 961
85 6
513 488
876 452
702 996
430 553
172 451
597 213
662 186
694 203
806 46
92 153
457 524
971 803
709 304
20 93
630 290
561 791
581 732
785 975
419 729
43 229
446 226
893 331
553 784
419 678
739 573
924 543
769 748
935 59
924 776
195 732
345 239
327 459
930 778
433 892
506 410
858 492
440 664
194 271
381 987
169 373
192 788
445 126
52 768
218 552
131 147
792 759
151 204
463 814
37 997
394 959
566 825
914 310
592 420
369 541
792 828
781 373
322 653
914 329
279 217
942 395
546 944
362 369
163 352
779 188
576 804
115 603
795 359
301 402
545 580
927 354
571 476
131 879
832 992
64 282
322 990
198 34
611 685
816 259
10 326
586 917
716 804
236 798
764 568
686 443
689 501
546 342
855 448
140 555
593 253
508 237
271 819
368 920
725 820
466 569
896 56
256 135
115 290
17 942
659 267
113 773
185 400
494 138
385 598
744 225
636 439
582 949
252 456
609 777
892 152
985 362
147 957
475 600
77 644
445 160
53 427
971 152
710 199
517 28
847 773
712 290
227 120
165 727
160 431
606 436
754 379
703 438
853 5
86 412
624 851
680 709
455 297
352 630
919 382
340 31
169 617
553 490
669 516
448 136
468 187
325 222
681 78
430 197
495 738
259 224
407 808
377 135
895 77
456 274
734 197
709 265
92 316
947 444
418 690
737 976
554 742
974 999
645 717
173 60
837 85
894 158
141 478
344 534
774 590
853 923
858 759
965 177
231 908
538 901
231 680
824 810
417 340
208 447
917 144
674 423
713 411
38 518
179 628
247 81
923 912
6 546
241 283
149 472
697 216
536 90
129 516
574 694
151 707
371 601
583 572
630 761
422 18
423 815
829 717
759 396
317 409
377 758
605 806
158 706
863 498
22 694
173 698
433 533
985 96
1 969
934 155
208 583
31 701
219 108
572 503
298 138
256 973
539 230
575 748
889 365
728 173
345 988
782 910
108 183
491 57
79 854
406 418
762 84
466 377
786 324
519 777
454 478
648 317
634 394
905 722
926 836
801 769
16 455
861 177
537 747
634 509
28 694
116 181
440 770
776 720
177 37
235 491
499 398
233 222
91 296
1 192
440 608
115 222
872 547
101 351
318 622
241 596
243 71
729 995
128 124
167 821
152 114
150 717
299 133
493 327
738 962
544 931
321 510
91 148
76 320
973 998
581 537
640 485
96 334
128 265
419 794
134 499
467 818
912 997
30 672
512 175
416 244
768 345
583 689
360 945
588 201
628 765
21 788
133 202
942 944
155 270
682 21
84 271
389 182
416 833
701 136
408 977
578 245
680 668
765 769
255 503
652 547
912 304
677 112
779 928
122 267
516 321
679 695
193 556
692 514
737 943
866 781
975 157
594 433
282 490
304 366
178 267
454 81
23 913
305 148
969 674
241 790
497 748
566 972
478 889
593 975
656 497
875 775
16 848
993 848
336 701
506 773
297 263
392 590
305 455
555 419
318 351
217 616
920 937
81 425
638 663
218 66
368 603
665 641
285 208
389 378
792 316
388 207
999 865
982 243
696 984
489 958
493 990
42 54
628 873
1000 462
69 799
506 411
568 146
569 191
473 82
70 191
19 218
811 278
28 525
445 12
781 626
584 924
786 200
492 41
679 279
518 659
957 145
152 808
175 84
892 458
308 683
757 964
683 993
614 855
960 362
523 888
947 20
880 17
2 413
22 856
683 638
98 50
904 865
523 969
7 572
52 551
148 806
735 802
367 920
245 50
543 670
116 374
340 474
583 366
895 168
149 700
226 449
100 599
934 623
993 33
847 442
831 769
444 511
853 533
359 236
400 893
993 146
25 96
136 775
447 665
283 936
552 399
555 848
563 788
875 739
42 948
926 344
31 380
383 937
224 814
445 650
272 203
86 644
864 894
766 342
647 439
394 171
986 257
271 931
797 503
750 457
772 555
204 469
481 824
937 388
835 205
927 741
569 505
42 411
887 225
86 64
638 621
142 982
310 664
829 680
887 150
270 929
198 409
949 383
711 183
701 494
459 975
939 441
673 373
378 245
877 237
717 580
829 394
316 803
423 761
598 201
529 342
520 111
118 98
778 939
218 700
438 613
561 420
113 253
1 575
773 935
576 181
723 838
460 800
64 89
446 791
839 996
109 711
366 980
120 864
108 72
303 603
344 616
129 268
790 91
496 611
600 345
874 344
873 715
343 655
201 178
51 644
150 341
64 662
945 51
619 420
488 930
163 202
974 134
31 451
270 777
823 935
71 962
893 989
662 355
96 150
686 357
615 257
854 987
177 363
429 364
367 72
650 314
381 927
989 637
955 437
944 162
815 205
477 704
371 683
11 458
717 36
989 799
901 429
613 915
907 532
947 611
30 325
181 807
393 239
583 716
289 295
806 373
791 515
204 223
8 184
485 929
304 985
526 852
303 229
398 203
403 691
575 265
722 815
429 719
636 809
375 311
752 310
520 601
95 148
499 823
26 429
386 19
725 109
799 810
748 834
142 383
236 110
665 445
990 899
352 531
114 910
874 760
987 907
715 408
843 175
936 475
810 444
98 506
226 167
185 154
887 702
821 295
162 927
787 612
810 501
217 329
520 873
926 837
800 489
909 137
589 949
883 616
12 556
832 954
343 546
935 798
969 801
40 349
391 662
681 724
724 862
637 651
762 55
486 185
806 920
328 39
580 82
84 31
318 582
441 515
340 982
216 741
475 57
239 192
370 305
599 672
929 412
966 913
73 582
637 836
703 710
431 899
570 9
864 806
424 851
560 47
209 151
711 712
648 690
918 694
668 541
393 41
930 256
589 183
864 516
848 121
209 953
89 529
29 198
674 797
603 225
696 829
630 813
555 2
847 345
242 315
649 457
959 236
691 578
265 812
866 620
277 941
868 170
228 17
492 198
376 378
593 757
80 448
912 531
715 166
933 227
422 816
577 153
795 206
762 919
302 306
568 324
71 147
808 339
190 615
213 974
469 436
161 867
291 908
697 913
198 315
847 643
98 414
316 457
210 708
796 835
122 264
567 512
948 518
608 607
75 946
741 797
80 780
338 288
943 781
286 512
92 343
628 641
616 893
486 123
822 551
917 275
231 781
54 782
680 361
2 877
496 826
962 879
907 178
600 384
19 906
846 389
678 710
345 640
345 228
846 52
7 297
473 131
580 224
897 154
180 40
567 677
484 172
911 489
350 717
56 653
149 430
578 624
544 960
927 627
803 673
308 193
912 220
485 471
712 357
643 805
551 148
933 980
881 483
256 586
39 337
646 315
953 712
273 777
35 787
753 58
87 893
866 379
460 456
338 704
161 557
921 711
739 72
389 597
911 752
255 490
408 861
924 381
304 606
908 416
255 123
902 610
98 418
407 774
87 661
799 512
822 931
14 668
398 767
499 698
887 535
737 970
314 877
296 784
334 689
965 74
838 200
537 339
330 499
831 657
337 469
282 382
31 89
425 30
163 209
861 410
115 232
29 552
34 350
287 880
953 620
321 871
813 168
63 985
87 716
366 778
752 862
279 893
780 902
234 408
97 595
935 362
101 72
806 541
55 523
920 944
693 133
437 455
367 890
650 200
781 802
733 865
413 382
643 769
517 692
38 853
995 306
786 779
722 697
7 731
95 34
958 484
429 746
817 932
236 244
442 791
429 635
691 344
53 703
805 480
628 773
476 570
468 48
465 815
562 663
174 817
687 917
948 472
221 362
889 448
134 919
411 318
710 182
92 761
684 789
648 522
500 342
317 250
889 34
550 439
619 121
468 411
698 83
680 3
419 121
148 537
644 614
278 940
176 866
158 662
487 350
490 78
988 193
275 918
810 797
214 665
474 762
936 971
175 882
931 240
163 858
370 266
371 31
465 38
928 858
43 252
604 55
119 570
923 997
251 738
253 432
842 767
944 163
54 306
520 126
702 510
977 173
150 769
834 762
484 971
266 258
173 310
622 305
513 771
56 210
897 492
207 949
484 39
299 470
726 339
143 105
290 527
275 161
422 16
351 394
561 648
636 68
319 872
986 183
333 572
728 482
321 92
308 334
91 630
476 760
826 655
117 762
910 93
616 739
92 776
364 37
881 149
754 413
717 615
576 581
965 573
658 87
363 231
790 568
386 818
579 747
583 19
749 295
454 77
844 765
701 68
4 500
244 913
36 933
553 85
495 512
131 907
120 782
652 287
799 472
490 384
736 488
273 430
700 115
442 367
405 345
233 418
583 454
55 233
978 508
449 29
83 224
413 559
419 226
980 243
577 538
218 163
817 11
139 227
395 125
689 867
970 763
745 313
926 262
343 717
128 207
168 318
99 884
461 69
262 126
980 679
30 234
430 704
548 355
385 321
189 859
997 996
267 869
702 189
881 523
683 74
65 582
281 513
800 543
363 857
271 922
846 874
208 74
635 981
358 896
18 455
55 992
294 152
229 957
69 936
622 188
843 689
899 739
959 239
691 581
913 451
17 662
274 127
644 196
437 735
285 526
221 688
866 199
460 564
868 393
706 316
523 862
359 262
290 957
623 673
340 587
1000 912
503 743
568 308
148 780
900 275
204 640
482 830
232 917
709 685
502 421
819 485
291 796
455 529
370 831
222 804
64 386
654 465
514 316
718 303
595 315
45 934
980 263
396 336
67 440
272 206
443 151
651 458
347 718
180 802
257 47
336 544
851 131
889 820
291 344
681 576
133 549
506 771
512 722
261 514
571 113
607 855
422 525
244 335
396 916
699 789
756 290
849 128
175 806
484 173
603 433
822 423
29 731
591 400
262 900
233 756
734 852
219 313
169 540
299 385
817 588
930 293
146 372
309 216
994 592
315 891
337 743
855 893
803 926
554 280
937 400
630 551
152 524
218 277
825 299
94 352
946 561
813 933
108 324
329 561
40 956
114 757
226 923
869 611
619 592
742 227
710 425
457 755
964 841
559 939
933 134
502 242
965 757
178 233
606 249
37 12
863 234
683 624
813 961
335 269
959 711
343 790
235 105
87 904
753 756
236 341
647 927
540 445
6 620
228 724
136 954
642 926
749 930
182 301
426 755
444 47
637 705
144 372
810 969
667 576
465 424
768 697
200 43
609 465
3 584
775 990
903 37
82 435
279 783
224 508
932 715
97 866
521 672
426 420
779 104
485 135
720 448
3 870
570 206
613 236
770 836
711 659
656 923
531 729
824 333
402 863
5 130
419 664
928 507
582 936
293 647
39 487
759 308
282 680
692 499
14 227
877 969
952 96
554 508
523 555
985 408
91 621
511 684
575 279
122 141
910 72
273 901
181 532
773 816
575 356
33 14
227 458
874 883
111 278
35 671
184 407
518 524
351 853
981 174
586 286
434 99
908 895
911 580
258 132
614 595
867 676
746 619
377 132
353 453
113 240
373 313
210 796
193 746
582 12
602 838
348 946
636 492
956 177
901 496
499 262
642 448
779 712
118 556
637 628
116 344
140 902
183 96
757 561
684 715
885 326
383 280
102 112
968 366
680 290
148 376
131 618
124 655
604 385
845 937
279 787
767 580
462 378
105 223
214 491
441 61
934 726
494 58
377 808
854 298
780 649
503 212
163 665
703 19
635 195
506 767
252 495
555 24
521 152
997 387
817 818
750 197
846 600
43 861
959 859
566 555
363 516
746 943
868 263
282 942
544 437
356 627
619 439
336 589
342 954
910 215
765 263
903 890
101 934
558 948
718 265
191 865
361 602
417 856
553 84
168 246
53 406
800 491
175 477
16 58
14 597
155 463
899 497
59 380
188 856
596 77
796 543
448 949
532 258
534 143
130 193
573 363
611 520
210 415
163 135
983 524
345 904
896 520
699 445
594 813
20 772
375 764
836 882
841 924
570 322
721 694
849 505
82 458
49 241
324 445
326 743
582 429
333 185
650 333
172 249
743 686
85 808
727 361
158 60
766 209
414 74
551 575
457 741
279 932
319 203
671 358
910 938
488 205
937 776
225 754
255 862
241 260
594 87
543 713
926 195
858 189
182 16
664 494
575 248
281 802
601 597
194 5
782 386
379 3
40 675
38 146
313 369
423 972
65 784
30 566
364 868
810 90
630 587
26 749
613 663
320 450
322 272
765 572
568 104
454 893
626 482
184 369
296 363
416 836
350 77
297 71
433 391
344 230
236 76
678 191
783 464
491 38
292 477
607 92
408 754
154 410
562 303
16 407
589 966
959 692
454 313
594 604
987 695
269 844
855 397
917 672
349 446
645 753
649 758
101 525
395 186
257 189
192 406
764 112
785 391
383 592
68 814
851 130
210 6
124 576
149 538
190 569
737 255
524 187
964 50
633 895
590 908
378 825
371 982
244 328
581 823
195 132
91 471
719 729
817 353
414 817
716 625
246 993
411 605
599 932
485 324
980 49
55 598
39 109
812 307
264 873
459 520
91 866
801 834
379 47
640 371
808 757
555 96
631 277
122 775
428 842
583 662
51 257
791 581
95 968
42 196
354 210
285 608
288 204
952 163
568 600
133 444
743 733
291 211
592 265
645 273
648 11
44 876
995 980
616 415
28 309
269 61
416 735
127 217
662 572
924 383
931 525
605 446
786 376
204 677
157 941
111 323
88 374
325 119
715 307
476 229
433 30
8 330
184 824
629 74
386 140
297 639
724 178
980 292
672 605
68 318
433 111
658 608
899 342
666 119
704 302
399 793
234 85
269 594
655 49
71 842
921 35
116 81
667 579
229 350
306 729
551 737
115 932
699 82
750 465
811 636
444 847
642 782
147 404
646 846
392 621
138 113
376 988
396 953
401 737
73 540
349 453
510 555
225 713
997 59
979 544
447 94
217 585
215 978
267 443
935 501
461 366
320 846
526 690
428 633
600 986
865 81
363 800
513 805
695 469
519 690
635 924
488 291
825 100
152 526
316 617
961 264
288 57
768 260
592 56
259 667
132 171
740 448
971 758
708 614
820 88
770 491
694 561
557 748
973 582
21 841
905 254
763 30
764 333
537 60
56 372
809 858
611 450
829 391
460 494
833 76
373 827
675 865
269 208
217 295
747 360
862 209
408 780
905 472
411 131
13 203
667 114
212 93
794 462
507 683
182 637
165 865
791 45
321 547
729 350
197 802
735 656
115 571
847 490
836 633
657 346
1 478
222 908
597 576
376 60
694 303
513 443
508 585
645 858
228 600
980 431
968 367
330 571
901 837
331 901
704 441
813 121
242 678
315 649
742 48
910 860
819 777
818 18
471 10
147 432
9 439
52 499
417 74
366 151
313 9
486 591
396 812
774 25
99 649
464 506
816 879
637 623
454 741
806 398
94 652
954 757
756 569
99 278
229 903
820 798
626 29
809 523
44 42
963 782
294 388
431 300
682 170
27 371
389 888
122 831
801 360
416 970
678 950
237 414
89 95
416 825
861 713
492 108
165 82
972 294
810 153
98 151
354 13
869 954
394 992
624 883
435 244
865 639
463 770
908 909
892 636
931 628
145 447
112 182
757 810
481 487
743 459
121 72
619 825
974 549
378 984
266 684
892 834
179 921
491 859
311 236
573 249
244 177
644 580
704 231
758 942
870 820
432 410
168 118
434 584
54 801
457 825
791 388
595 127
79 150
686 170
319 391
818 290
732 188
660 449
292 973
119 762
954 944
382 332
202 990
975 761
519 168
910 824
812 438
237 540
312 397
992 383
975 622
959 341
67 101
919 989
841 590
346 180
642 617
113 743
167 902
78 359
894 709
327 700
309 81
242 84
663 882
228 7
691 937
600 914
837 939
894 596
897 462
925 172
873 139
603 226
200 655
241 101
589 300
688 420
411 783
29 372
964 689
142 909
535 974
113 35
523 626
156 121
696 30
368 511
496 4
792 625
79 611
1000 756
599 436
748 786
39 98
881 183
364 154
112 67
485 443
174 879
819 118
865 500
232 770
296 25
123 562
878 838
315 817
650 859
727 859
514 314
589 854
940 512
443 56
404 469
656 215
378 607
417 581
913 696
201 254
365 947
645 769
147 69
10 476
27 598
767 168
275 976
415 96
849 587
735 970
301 220
858 683
16 852
950 203
533 849
76 732
884 123
99 773
794 367
888 126
337 136
779 497
158 910
36 494
572 680
702 715
439 995
225 563
158 25
547 346
509 891
807 436
664 190
286 498
594 451
371 838
138 45
376 560
656 546
72 297
203 513
725 908
781 938
29 901
677 873
18 406
458 721
242 120
904 459
368 299
191 177
85 414
696 877
860 544
147 55
220 903
702 263
598 810
198 550
220 822
829 640
351 460
333 625
652 959
604 339
513 619
293 451
919 627
833 246
62 128
377 690
81 919
488 586
346 639
535 579
192 873
203 815
265 755
50 331
491 487
934 167
459 773
668 87
563 187
913 88
645 417
39 918
188 76
5 514
140 303
362 491
911 610
625 295
991 815
903 722
286 720
145 272
433 735
537 566
22 190
740 839
121 241
603 821
433 29
70 202
622 929
185 652
719 203
560 576
810 912
799 291
983 582
361 307
782 535
235 294
990 410
633 255
357 775
68 334
487 644
167 522
619 333
451 239
931 217
609 600
823 95
914 921
24 347
333 239
922 444
634 898
113 589
884 206
833 884
561 165
254 773
893 8
56 987
688 594
229 128
90 198
733 528
525 804
116 814
698 360
826 293
170 193
651 658
319 992
678 770
106 766
80 599
973 500
460 265
455 310
652 931
104 355
126 992
97 958
294 896
960 684
958 491
692 19
30 926
144 601
531 151
94 237
166 206
649 224
384 24
635 475
28 235
247 785
169 75
776 253
226 44
49 557
106 534
88 53
822 864
140 334
71 340
37 196
802 201
630 205
445 383
986 645
130 473
645 534
244 815
390 911
597 877
871 322
247 623
502 483
114 769
326 829
168 171
330 387
245 308
687 461
690 483
695 310
361 303
434 677
642 94
93 992
172 497
174 355
233 229
896 477
76 661
115 201
724 949
732 72
172 23
172 814
824 670
972 558
954 33
96 281
315 761
390 245
855 483
142 634
842 762
220 698
461 128
694 982
660 98
252 886
392 360
545 294
750 489
453 787
989 795
994 935
542 405
411 693
837 839
877 794
234 812
338 978
483 7
363 557
956 606
332 480
252 719
53 394
331 216
95 3
497 304
246 405
359 654
736 943
312 763
94 88
222 45
482 166
869 778
339 787
732 714
911 565
715 412
415 95
67 893
925 921
435 405
495 525
139 425
162 522
163 319
75 539
38 823
444 311
692 730
399 888
257 855
225 219
709 493
488 627
34 419
966 344
349 378
443 253
319 390
589 612
145 907
516 686
975 331
903 222
615 208
48 90
324 447
137 771
284 989
820 703
492 856
235 305
811 980
43 366
138 54
506 972
498 88
216 729
967 606
659 473
280 330
544 535
726 259
575 101
177 966
345 356
973 268
717 196
954 662
544 646
228 407
532 175
961 687
522 837
359 972
804 815
915 398
846 698
316 897
152 930
624 690
606 486
19 306
791 656
4 38
579 938
892 419
680 755
391 643
79 138
347 894
616 148
763 182
321 863
286 987
454 29
148 920
679 588
972 474
763 295
340 92
72 722
696 492
1 714
378 171
593 804
781 13
608 595
576 241
619 181
629 116
745 623
90 986
417 442
864 299
572 980
609 89
279 709
613 386
483 677
211 658
680 453
556 230
295 274
315 688
655 500
675 176
215 91
810 162
73 614
239 81
530 856
752 968
494 1
78 320
214 128
264 322
821 967
190 233
191 176
216 548
507 103
470 105
536 151
989 835
424 593
8 157
371 532
9 57
251 122
825 191
312 998
898 949
612 17
133 152
905 119
764 436
305 475
178 898
235 703
277 830
297 16
562 540
320 351
183 548
863 292
882 749
278 344
575 722
613 619
762 951
664 962
201 861
117 465
959 704
472 296
992 559
330 138
520 854
796 931
909 124
126 272
92 640
734 211
370 862
740 832
62 684
641 535
54 716
571 466
537 678
723 143
707 754
210 966
927 505
620 893
990 411
295 579
376 145
909 943
827 42
480 447
945 923
270 822
362 831
950 212
732 338
977 266
573 899
543 79
626 563
183 428
124 456
484 253
466 928
159 455
220 727
24 122
650 402
380 45
932 980
755 203
295 20
315 954
165 864
301 643
96 715
632 493
850 604
69 988
871 697
927 736
894 621
181 974
610 720
830 501
226 856
268 597
682 954
887 2
815 353
84 477
781 401
855 608
736 900
147 673
648 90
766 800
330 972
705 8
210 614
445 269
981 171
433 461
92 582
753 772
917 915
520 227
577 502
351 999
814 261
27 981
924 349
339 999
769 647
967 281
394 414
974 719
117 38
64 94
616 667
581 407
699 578
605 305
644 723
560 670
888 763
747 64
412 783
589 797
36 99
883 512
188 806
579 248
689 757
162 713
163 96
538 131
665 230
168 458
866 673
23 980
563 707
768 745
692 675
598 987
837 369
694 282
732 73
462 961
127 529
537 77
131 805
923 840
12 425
529 721
570 399
219 215
789 111
702 640
9 437
870 330
29 810
444 415
655 522
661 165
993 637
816 914
634 889
270 479
896 26
505 671
134 382
465 707
30 319
436 114
258 378
989 794
621 838
582 907
15 62
311 919
705 680
518 323
294 82
389 870
728 405
568 155
503 505
450 743
665 202
532 601
146 236
331 168
259 407
478 41
99 212
976 363
146 17
201 644
131 209
408 874
279 57
905 506
411 353
314 604
683 701
244 925
953 899
109 533
754 714
791 51
282 97
90 627
559 324
482 632
13 288
145 616
129 355
455 847
225 218
646 632
803 146
380 546
664 535
496 787
946 453
33 601
16 874
950 237
598 999
177 313
196 99
586 983
991 8
58 12
721 708
24 404
478 929
962 550
360 364
712 1
586 550
759 949
225 646
301 553
256 214
719 631
650 426
212 799
530 644
507 493
545 449
391 585
812 729
355 926
23 380
622 64
34 697
203 210
152 564
579 143
604 50
687 765
411 958
805 322
237 384
554 66
493 790
855 643
123 377
86 367
839 103
296 161
648 18
23 378
868 437
506 210
914 205
246 144
781 187
784 737
568 312
148 776
573 57
187 738
301 278
191 902
455 525
477 117
135 915
317 240
738 35
263 340
758 793
580 553
323 512
244 6
20 18
581 673
215 391
89 791
292 924
813 46
379 646
509 23
129 105
42 986
684 285
157 443
936 534
497 960
769 426
912 362
850 855
48 421
121 881
513 941
345 415
878 232
497 179
685 568
431 640
952 473
604 781
184 67
682 846
385 764
207 873
428 694
693 78
342 148
234 869
553 571
961 270
778 716
626 434
700 941
994 334
812 995
156 95
104 408
947 892
472 156
715 232
511 773
794 981
773 984
613 537
339 748
88 940
606 338
796 158
571 646
754 560
256 907
148 812
921 484
539 85
500 383
266 659
446 893
2 185
86 988
862 342
183 905
672 89
233 493
986 38
20 597
168 320
22 47
889 250
581 212
799 301
12 209
948 773
701 731
465 275
283 942
875 840
587 572
804 196
520 659
270 823
950 213
988 24
771 546
168 525
957 787
655 640
984 879
159 305
248 241
437 191
755 940
148 70
831 451
462 354
465 78
963 219
893 6
436 205
859 922
822 2
237 994
282 650
315 588
851 622
980 842
730 869
141 968
561 653
509 654
60 940
65 514
836 265
858 193
640 52
894 515
769 336
110 114
261 20
544 270
566 289
113 911
905 1
869 336
122 951
251 25
658 315
310 658
427 466
554 395
368 426
296 407
276 661
477 339
744 789
636 771
911 829
36 601
296 294
188 268
795 796
338 673
412 324
821 544
623 628
325 292
544 139
999 933
87 827
978 117
688 938
894 28
69 305
787 590
758 167
41 929
784 198
596 53
62 841
988 303
989 2
137 819
28 176
174 246
138 751
414 289
567 869
35 561
814 966
569 897
824 972
862 562
814 817
84 598
167 697
828 597
817 204
12 426
710 529
110 445
203 749
771 687
955 346
680 535
889 722
177 766
251 586
368 955
242 988
168 775
997 835
157 133
485 264
949 153
422 299
812 359
871 708
971 462
123 129
659 710
551 91
347 473
61 715
8 297
597 489
215 582
756 986
635 155
709 880
411 981
468 802
450 885
375 269
964 894
182 899
734 364
773 784
440 693
9 675
32 780
677 244
311 602
792 822
44 823
763 285
411 352
884 575
991 357
748 94
163 336
127 99
993 385
187 310
170 936
338 310
157 914
657 426
822 620
589 943
40 436
97 37
839 599
221 156
904 212
676 112
970 661
580 468
486 179
732 191
223 804
187 242
372 318
471 186
127 564
2 677
495 48
573 49
714 179
746 570
864 845
133 750
86 710
268 883
825 854
533 397
919 932
811 871
833 675
856 892
873 162
211 839
582 714
436 928
702 415
491 205
251 995
768 161
146 269
494 325
794 893
981 701
982 238
177 853
329 830
751 807
275 192
441 958
941 779
525 863
549 618
930 508
753 597
915 400
455 59
916 703
739 884
556 614
298 370
321 51
913 343
307 192
492 60
754 299
169 231
136 504
709 768
363 297
897 408
916 925
791 771
189 109
778 922
654 9
692 836
288 386
734 475
137 321
886 54
923 56
487 217
736 683
425 696
45 767
871 311
221 478
314 736
41 872
98 267
983 718
268 49
72 946
823 289
984 260
774 751
701 837
685 448
745 621
83 18
607 559
546 868
41 522
634 651
62 912
736 215
132 970
918 185
741 231
867 771
747 297
436 576
497 630
461 915
745 280
726 504
876 738
91 442
418 70
805 682
3 736
135 487
251 560
840 115
113 567
129 778
901 700
298 643
778 137
281 631
228 87
804 796
584 455
582 822
342 459
287 72
38 976
891 144
277 199
786 910
53 189
157 946
402 903
160 189
694 702
57 811
380 411
920 743
636 114
545 206
665 853
651 664
913 425
673 354
969 923
115 820
632 911
788 565
195 883
640 516
861 526
843 15
93 420
792 767
316 133
621 142
873 352
238 678
494 780
524 561
852 166
585 549
821 749
130 496
294 551
852 21
31 912
421 954
187 382
315 165
64 483
616 816
28 582
233 492
625 518
475 443
131 855
745 585
763 656
314 559
912 64
418 793
708 361
809 472
723 126
122 148
889 874
84 716
323 652
965 197
586 778
988 106
927 9
756 254
103 369
174 640
208 459
405 848
530 232
372 485
194 901
492 674
862 768
557 302
815 958
814 615
760 120
660 73
699 933
150 895
302 982
289 217
164 979
791 755
733 670
510 777
665 614
359 816
105 401
33 220
432 517
436 15
40 720
167 169
351 412
388 170
104 215
123 85
352 619
203 157
475 592
246 285
66 143
353 262
92 233
53 595
968 719
481 329
790 820
169 174
77 525
99 45
765 778
283 178
543 816
916 855
342 915
815 164
613 572
977 758
525 596
946 417
175 113
13 886
472 488
420 840
293 198
433 430
889 351
580 942
710 281
991 571
629 359
946 302
359 474
672 671
785 144
254 327
148 688
476 197
854 618
652 192
525 78
383 310
410 358
486 5
948 794
664 573
116 2
478 681
887 791
871 178
675 415
25 246
44 182
559 625
708 349
121 605
908 271
896 335
37 871
888 185
888 278
289 810
779 937
817 348
415 326
882 314
835 112
68 865
531 651
169 718
838 468
190 212
769 691
977 816
480 776
377 924
378 463
837 836
327 506
305 837
826 439
796 259
872 169
184 673
345 47
346 784
497 420
859 349
924 255
845 537
416 974
569 248
109 207
238 909
739 168
833 179
598 125
265 703
948 356
774 324
835 248
290 782
740 710
339 679
936 307
809 971
740 597
245 209
355 433
249 150
583 9
507 730
844 819
148 886
352 665
801 680
254 272
456 679
454 348
771 16
900 692
577 321
139 426
875 100
469 763
880 830
74 205
888 281
118 658
945 374
230 238
405 468
153 107
872 781
762 417
672 921
783 959
645 954
273 701
585 57
977 882
20 876
737 214
646 744
31 428
208 403
408 117
734 921
724 571
525 566
506 856
110 350
955 377
742 377
850 881
392 553
67 105
450 355
214 264
17 844
290 472
111 112
665 316
809 618
356 73
108 922
713 520
88 716
755 133
132 442
480 933
299 411
432 568
56 244
863 683
705 537
454 911
378 483
103 978
142 998
459 174
425 338
978 641
247 7
125 743
256 532
848 158
441 536
466 242
339 613
450 854
658 403
472 130
454 886
921 835
728 371
47 141
587 392
352 583
920 568
339 835
288 387
631 899
355 269
350 449
904 845
762 1
744 524
174 883
180 993
732 214
903 746
446 839
801 692
224 367
266 588
74 225
438 838
481 225
923 502
130 605
929 721
463 294
383 573
103 255
422 805
39 655
267 72
456 159
738 557
371 44
674 561
17 466
357 82
394 44
56 963
309 415
123 358
314 263
759 923
343 240
661 219
95 627
96 435
722 283
560 450
223 479
656 964
933 588
311 936
517 781
76 243
721 226
712 507
718 944
646 306
262 555
275 555
907 930
352 773
242 425
173 873
669 868
618 796
69 680
964 800
140 437
333 847
467 421
984 249
487 928
773 700
852 816
545 920
982 695
749 344
862 137
844 684
493 538
888 516
75 840
887 718
155 177
503 705
287 404
236 316
273 334
610 81
79 790
266 40
804 401
499 643
836 514
528 339
16 7
970 968
590 561
374 806
99 539
378 639
325 404
932 396
737 60
839 314
21 220
738 606
586 922
660 389
150 419
797 572
104 653
712 972
966 577
751 309
85 639
137 721
252 140
148 55
24 125
501 923
300 282
506 515
324 656
487 836
938 404
225 829
924 583
765 443
397 961
894 513
552 834
536 71
892 34
7 933
115 670
678 685
864 707
553 808
284 452
856 786
481 643
450 670
145 180
588 920
626 295
103 332
334 864
406 701
652 701
620 265
228 54
198 179
201 749
666 609
499 976
304 404
28 278
490 757
127 248
631 824
947 233
507 686
459 311
16 468
218 934
766 713
277 275
225 66
481 184
101 767
818 217
358 230
641 624
699 294
258 416
281 65
64 383
666 758
487 343
367 269
439 144
318 963
227 874
45 931
231 850
533 804
970 718
20 841
324 939
573 547
760 22
428 22
693 558
604 415
785 723
119 642
724 544
195 178
675 252
971 789
627 215
862 850
538 684
6 142
599 773
929 377
533 119
717 506
419 523
918 563
348 116
699 708
217 919
471 359
94 742
755 168
39 163
377 818
266 269
927 560
142 664
73 797
209 333
212 996
213 269
51 606
747 973
930 359
623 214
238 176
706 968
892 181
765 673
325 724
838 997
865 807
661 614
920 544
579 805
854 121
765 530
952 241
646 405
71 22
844 278
701 379
687 824
869 933
838 316
89 467
677 242
731 650
916 874
464 857
853 242
140 284
201 794
224 469
585 13
763 396
622 137
698 709
109 530
644 803
574 68
357 744
528 268
502 451
26 550
59 370
776 586
653 188
340 649
827 137
719 143
741 963
154 213
618 776
491 636
732 185
307 51
519 373
488 789
728 515
881 802
868 568
758 764
500 740
907 108
414 76
253 508
722 165
236 208
674 448
124 399
949 842
312 257
475 991
792 11
439 696
388 958
890 818
738 540
53 54
971 543
204 390
209 280
216 588
395 692
273 763
721 133
365 463
480 789
90 476
77 197
420 717
928 168
937 915
78 804
247 183
857 231
877 28
515 553
806 24
733 274
519 457
597 237
728 372
829 458
575 698
75 163
446 618
984 141
159 483
663 59
787 938
870 649
932 545
179 218
771 510
739 306
987 796
53 942
81 681
540 336
500 149
146 539
410 189
857 716
35 264
787 761
452 935
913 27
900 975
25 403
499 452
300 243
192 492
514 89
970 695
672 789
784 319
973 65
162 383
456 128
664 997
793 7
388 749
443 394
963 339
157 185
512 681
50 552
750 617
383 403
509 901
715 806
220 344
917 110
149 212
479 573
558 368
506 893
551 985
757 799
521 542
760 812
232 203
141 929
479 979
650 77
812 613
377 889
525 827
677 788
753 502
780 362
791 16
276 815
650 220
851 693
105 443
547 684
159 658
878 94
700 842
259 532
628 519
962 205
636 20
17 730
588 151
271 229
835 502
35 906
860 835
665 859
578 12
781 617
284 135
179 491
866 371
653 687
602 297
363 279
970 309
368 629
173 522
799 746
122 82
730 405
735 900
616 532
639 376
187 259
465 853
410 110
212 182
83 390
947 317
71 397
643 20
922 201
631 395
747 88
50 136
644 650
652 173
253 864
22 413
167 139
443 200
210 85
887 781
447 640
710 782
803 184
876 546
70 489
936 983
521 975
831 96
916 715
688 498
709 206
784 283
936 614
955 194
258 622
150 416
906 770
711 981
91 958
345 740
128 142
493 484
275 845
58 195
964 519
133 659
650 271
544 774
569 693
521 570
265 426
447 68
842 850
340 732
993 710
799 237
138 861
383 906
837 989
879 182
981 793
69 984
108 626
722 721
720 116
812 668
104 217
765 668
344 360
170 492
522 793
136 84
399 756
359 528
760 159
968 753
38 47
648 207
246 386
598 87
781 397
696 219
491 297
973 721
98 141
728 300
643 453
438 707
717 716
978 972
524 576
800 248
171 771
108 269
74 501
97 828
539 133
27 937
799 607
141 97
70 9
413 984
61 214
184 764
353 27
207 160
508 865
514 332
343 283
700 103
667 150
620 206
823 363
404 907
935 631
667 775
172 351
324 162
514 110
771 869
278 791
50 910
569 902
396 742
10 352
656 306
182 34
367 482
941 463
390 95
998 128
267 224
789 243
869 189
963 184
600 670
696 605
287 626
54 155
683 297
462 748
47 710
577 163
105 337
712 199
369 292
243 511
940 303
446 160
11 453
531 762
470 58
510 811
48 9
497 120
545 973
105 627
180 123
95 872
854 15
14 198
968 670
273 824
934 439
576 703
223 52
226 888
902 913
299 748
428 776
52 940
159 904
352 974
464 572
182 902
271 499
130 741
680 665
31 679
506 186
179 80
917 834
790 560
529 660
675 912
859 909
914 372
292 416
577 470
114 953
279 170
394 875
97 551
658 881
456 681
718 641
844 580
382 186
438 888
311 234
277 310
120 901
451 511
744 155
474 900
241 919
893 203
686 61
489 193
287 18
988 189
756 280
404 798
791 386
280 868
600 429
488 903
508 474
310 64
607 746
603 655
604 124
750 337
951 201
885 581
499 182
543 3
323 100
823 819
793 324
802 10
821 286
125 161
567 270
146 614
256 170
648 764
411 630
