1000 9882
285 81
712 227
640 64
570 129
419 695
416 288
53 166
972 956
43 912
134 489
561 595
925 18
801 44
30 686
952 432
471 616
365 37
845 283
556 722
584 539
617 199
329 652
296 451
5 485
65 154
284 188
871 718
397 379
200 915
921 833
762 813
209 731
601 233
434 192
52 823
74 299
899 790
946 792
994 392
207 469
298 403
784 598
143 867
494 887
437 476
585 526
362 497
201 821
849 897
16 398
32 632
508 681
457 253
679 830
97 70
261 821
70 113
84 836
250 556
240 586
25 402
758 908
427 610
524 76
107 762
897 838
295 754
58 458
591 36
989 150
337 369
339 479
950 205
241 669
371 46
558 262
372 285
581 943
366 887
992 418
522 351
81 133
630 380
225 181
180 767
698 124
129 783
190 432
906 65
301 521
86 737
603 393
128 449
521 622
690 409
759 522
523 200
138 938
730 828
298 928
744 240
180 895
822 698
863 649
42 37
988 214
86 50
68 601
274 200
57 808
241 895
812 584
32 506
514 946
719 38
39 729
276 765
834 163
650 635
587 473
701 305
910 466
662 52
948 350
182 846
130 685
4 150
153 628
705 39
796 154
853 639
575 455
786 480
809 1
627 774
169 482
226 245
159 255
947 143
17 182
36 918
292 504
165 886
370 968
170 988
407 793
448 214
595 527
529 19
748 417
633 935
801 967
966 507
144 78
754 865
41 986
192 346
33 986
361 309
841 99
989 171
239 444
261 698
462 213
901 874
651 383
430 550
940 919
872 613
820 717
837 297
202 784
759 968
507 331
676 760
23 662
918 533
200 384
87 670
475 774
759 750
103 822
968 901
510 780
259 994
422 402
526 548
907 738
711 536
142 813
517 879
226 738
156 153
854 480
360 868
809 673
155 339
797 128
88 878
398 245
437 529
26 556
924 5
912 709
605 840
951 892
61 90
863 16
278 398
460 485
517 273
910 195
895 899
308 657
478 193
942 720
156 861
130 288
169 478
596 339
101 795
827 322
640 911
406 12
176 573
943 863
545 644
879 861
524 486
465 593
7 820
509 264
770 146
107 885
595 507
177 54
396 272
956 312
225 290
767 274
68 168
90 608
475 166
48 648
17 978
233 120
992 507
577 855
807 485
721 876
703 724
319 223
547 952
684 7
133 775
318 285
671 283
732 283
593 59
422 303
194 844
9 154
195 355
696 700
180 469
860 631
110 18
699 563
183 823
190 882
696 811
754 33
185 298
195 641
17 673
539 548
147 190
464 686
611 313
74 677
950 898
683 773
838 675
363 321
715 180
19 397
496 110
460 521
28 197
505 144
359 277
711 64
772 196
652 562
653 839
191 792
434 63
933 259
847 689
278 244
761 304
819 400
412 586
861 789
539 17
118 870
871 412
452 830
35 366
386 220
525 111
728 837
899 466
236 548
465 718
289 632
935 993
168 427
922 220
944 316
484 461
180 966
107 686
418 975
202 630
920 309
594 180
187 246
465 488
410 539
709 133
395 453
750 595
184 3
2 673
729 521
152 206
983 219
505 776
694 106
806 880
698 89
937 999
976 907
405 917
686 510
466 613
530 878
267 924
161 241
270 525
950 435
510 618
613 219
980 910
507 480
289 21
555 350
518 102
276 632
355 820
941 613
638 753
491 929
327 330
254 766
627 320
940 419
318 27
138 997
751 803
844 199
971 532
542 266
898 220
117 564
463 600
924 222
782 164
341 60
187 789
252 745
454 885
227 445
209 730
140 476
342 990
656 433
865 547
919 330
672 397
478 931
469 457
649 947
616 570
395 583
44 678
272 731
468 262
895 185
92 698
61 369
28 638
33 844
175 505
378 759
35 266
572 99
461 732
813 123
905 836
344 554
591 857
331 868
337 487
214 754
612 790
922 304
561 639
654 875
474 699
491 747
2 786
491 309
31 397
56 599
744 341
591 325
875 683
910 799
788 511
437 215
477 958
96 455
371 847
601 251
409 558
449 745
350 699
300 918
122 698
825 999
458 728
845 476
848 448
332 241
668 635
155 552
462 596
47 622
530 628
768 129
716 335
517 778
459 254
721 231
859 369
204 138
556 695
9 908
781 534
798 652
199 129
701 479
702 104
230 793
454 849
806 58
350 134
44 981
999 559
680 725
662 581
959 269
889 321
395 530
18 887
917 889
184 627
518 936
593 933
279 124
359 434
396 184
805 212
787 569
628 969
192 189
356 992
287 294
959 690
700 93
336 840
316 342
912 53
588 835
73 127
37 412
992 604
355 627
709 426
927 487
395 222
534 79
906 558
45 18
84 712
983 972
364 312
280 771
914 769
296 568
558 432
724 920
817 74
374 785
965 338
685 83
82 424
928 840
466 549
828 573
171 354
281 422
944 34
105 234
582 628
381 365
94 894
441 40
884 324
498 11
836 487
876 992
698 384
826 189
925 183
413 465
431 562
949 49
806 410
556 885
928 632
499 749
143 31
455 217
616 39
670 141
454 915
934 393
829 701
761 735
759 444
7 717
229 589
929 783
624 609
529 4
920 630
187 978
614 927
152 783
136 436
464 993
882 523
352 514
482 157
946 300
767 324
571 697
974 678
791 948
976 105
904 776
931 721
519 846
173 270
637 809
552 586
760 460
409 136
488 655
801 994
344 627
552 56
71 512
791 267
903 461
139 352
658 700
936 806
439 237
611 612
443 214
634 719
671 966
326 609
901 845
900 784
44 178
359 213
193 956
432 212
346 390
219 188
774 356
51 999
125 42
864 281
257 264
82 287
64 830
752 903
287 636
521 596
824 387
695 384
399 199
590 238
381 981
644 532
733 766
555 130
354 449
959 108
802 313
364 746
476 940
401 904
686 927
659 17
237 5
593 373
920 547
388 25
174 526
801 352
217 105
74 674
679 323
702 32
481 684
273 88
471 789
994 482
482 206
87 869
278 282
134 990
598 23
146 581
956 921
776 367
830 934
163 241
468 227
72 524
39 804
997 719
339 118
856 140
64 549
715 755
74 201
790 131
515 4
245 352
62 878
230 508
141 357
549 376
831 834
750 886
842 325
755 732
257 217
96 111
79 158
923 524
78 33
177 418
775 901
92 27
243 97
410 536
346 410
733 798
400 606
681 995
975 705
335 550
676 674
970 663
607 906
134 50
747 767
492 742
972 728
313 45
333 402
150 840
266 349
512 413
254 620
111 237
75 199
336 9
981 727
854 335
367 964
722 597
371 513
688 461
868 550
855 851
627 752
555 127
829 628
562 785
247 3
765 578
217 980
513 519
952 33
716 10
347 681
170 418
668 165
796 402
299 714
504 680
106 815
963 611
910 775
145 224
187 941
406 649
57 670
431 46
951 935
415 762
572 431
347 996
65 717
170 599
815 5
532 857
847 660
539 79
98 405
279 200
874 594
234 56
602 997
31 732
58 519
882 633
513 101
718 530
296 831
563 203
8 598
343 731
568 907
116 927
202 649
81 584
137 846
28 797
94 95
387 934
836 863
613 188
399 635
359 435
245 114
965 270
572 672
343 151
177 680
50 694
788 504
491 153
963 114
307 758
439 379
993 703
578 583
206 700
155 954
318 474
232 23
157 97
720 252
939 26
298 942
998 571
656 824
152 743
48 520
750 27
643 703
319 682
322 218
630 428
811 258
374 238
856 665
359 638
964 812
729 430
799 729
173 353
830 796
782 931
855 699
256 897
791 915
134 934
672 281
784 707
468 180
198 117
936 414
848 698
412 947
771 108
650 871
671 719
909 198
931 784
162 589
914 604
475 446
658 968
130 239
315 41
962 932
747 234
277 221
923 583
407 622
429 498
68 182
287 980
490 224
366 567
332 707
483 889
176 95
693 726
586 902
572 725
23 687
906 769
543 52
447 355
584 187
893 943
578 905
472 740
716 575
423 75
264 720
33 176
854 661
285 102
419 449
34 934
767 648
915 787
972 736
793 435
545 274
11 474
893 354
76 792
479 833
670 250
251 942
734 969
203 771
95 881
497 34
13 363
462 800
925 472
359 956
151 896
839 374
454 912
340 532
134 598
556 555
504 736
781 394
753 979
888 838
540 983
317 106
238 961
32 230
948 316
680 690
348 576
312 598
494 834
791 951
317 462
563 12
601 449
433 343
385 118
363 445
934 933
10 811
305 925
24 963
520 968
761 116
527 655
129 280
667 792
762 406
232 757
504 122
106 210
15 828
665 239
451 213
12 322
909 972
470 514
550 966
404 244
888 79
670 536
176 123
532 444
257 414
580 156
600 754
779 142
768 957
660 251
591 429
85 636
376 624
802 84
52 363
146 656
110 161
449 321
266 265
747 816
142 668
74 894
265 471
661 384
369 426
647 685
172 595
234 788
454 621
627 279
422 15
576 430
523 496
856 505
30 704
327 390
407 302
800 970
303 233
236 188
91 579
809 812
43 740
302 435
776 245
857 56
877 197
381 918
455 371
517 500
994 483
425 932
35 677
472 457
201 653
293 229
454 875
248 624
744 533
677 79
535 278
282 249
748 84
326 134
494 952
18 872
209 98
390 754
563 774
654 627
602 800
788 929
352 738
704 240
478 767
115 446
135 842
620 956
714 265
110 662
491 624
666 180
650 529
758 982
76 689
42 993
432 429
668 941
392 752
642 860
20 984
387 875
561 148
328 817
394 132
416 436
548 485
988 764
989 597
674 79
804 351
119 305
29 41
929 123
342 16
878 70
627 322
886 733
8 380
673 126
32 354
125 625
787 498
700 785
521 162
748 613
293 470
960 637
913 329
914 34
623 468
493 783
278 453
902 515
599 870
984 226
692 211
285 515
779 607
758 340
124 92
725 21
853 448
404 159
639 499
625 161
232 785
97 776
78 395
64 255
420 28
11 862
814 324
250 329
144 214
550 322
952 717
771 115
573 163
291 152
123 954
571 462
888 155
225 967
795 262
889 231
64 297
653 220
162 577
672 364
953 642
435 663
738 452
98 615
851 31
870 201
839 710
477 385
373 316
955 186
469 699
48 541
600 571
316 608
358 160
420 732
196 283
764 921
267 813
650 486
335 682
67 72
358 633
509 739
994 773
759 519
191 43
871 693
542 279
661 343
664 421
369 481
960 780
503 122
621 691
220 126
798 867
922 180
661 553
740 470
523 568
1000 315
84 688
123 60
848 895
543 858
657 927
415 955
770 726
938 32
204 874
726 995
30 826
144 901
866 254
26 489
710 311
820 275
70 918
199 822
662 714
481 437
395 613
583 204
177 424
221 395
222 892
655 77
979 291
344 509
128 727
770 794
239 731
585 697
407 651
504 240
675 651
287 177
895 44
698 616
239 584
6 603
870 794
581 221
395 208
778 639
440 967
239 441
59 47
996 708
244 97
282 322
67 744
837 500
875 833
987 395
382 467
384 286
59 924
166 976
116 91
194 765
391 949
68 198
486 381
716 858
494 552
154 555
693 582
505 853
767 597
971 876
699 221
537 234
497 997
760 989
544 794
360 427
694 80
362 729
439 591
315 581
517 726
656 519
343 147
220 606
938 401
299 73
581 563
949 63
418 441
445 976
156 357
817 613
322 29
105 411
711 970
271 84
547 61
707 370
195 678
804 792
779 742
844 9
275 254
464 709
216 956
143 319
402 532
517 14
22 676
539 458
167 389
985 22
694 145
53 558
353 460
578 159
338 664
670 695
623 637
493 616
136 261
209 945
442 637
39 941
478 343
563 15
287 375
951 652
59 508
488 235
574 397
481 66
46 234
856 178
430 133
470 847
163 266
489 897
186 341
940 562
947 394
827 864
758 856
432 488
675 308
490 178
148 412
794 394
276 644
336 739
244 500
7 56
9 51
854 980
600 755
234 337
216 757
827 300
24 47
243 165
959 315
712 124
986 327
713 389
698 51
544 917
916 477
579 125
273 885
877 640
694 862
769 693
399 118
67 817
77 888
599 215
69 952
432 737
697 91
735 503
460 858
886 609
977 955
891 157
673 450
639 875
255 530
327 385
38 252
557 720
123 484
285 909
325 608
950 897
826 659
296 378
726 952
13 771
51 240
568 454
307 26
294 820
652 606
815 242
66 911
434 171
537 810
455 259
539 244
502 314
912 450
126 630
625 277
697 896
990 31
518 886
173 479
36 937
729 493
336 205
64 434
173 368
447 913
196 663
427 294
607 419
645 642
721 128
226 410
652 226
893 530
692 675
35 224
128 526
182 369
221 149
629 8
975 60
239 580
248 45
28 827
451 368
73 390
861 421
55 18
611 642
49 437
175 693
99 347
970 751
275 559
631 540
922 330
911 39
716 866
456 248
898 499
628 118
746 808
557 78
878 46
10 147
546 289
485 115
569 640
639 861
310 870
721 845
29 774
752 933
822 205
263 485
46 783
937 646
294 261
367 849
740 221
613 41
967 998
878 71
237 197
533 360
223 374
8 381
172 560
13 756
506 294
786 305
593 454
575 114
686 953
393 310
270 76
327 101
937 305
222 325
497 378
746 955
527 108
280 777
913 328
623 471
189 337
17 365
498 759
874 702
912 415
969 706
432 68
19 539
579 763
541 610
156 640
364 291
790 323
780 365
340 468
838 63
469 552
715 256
37 276
934 994
828 97
451 590
433 239
253 998
453 228
770 166
218 923
496 585
886 346
410 297
672 588
710 916
221 249
805 625
847 202
181 413
483 863
189 903
766 30
346 461
491 748
385 159
615 239
673 620
512 686
641 462
717 347
188 699
393 773
985 931
175 943
55 645
849 252
209 93
851 602
375 872
410 796
328 701
275 406
60 896
755 359
723 381
419 498
794 809
544 588
542 75
946 880
413 365
75 338
203 793
939 173
885 921
778 357
997 383
891 212
484 774
838 957
486 673
125 532
203 246
845 315
773 46
740 471
265 287
284 109
859 483
492 136
221 966
882 768
26 724
298 337
708 644
583 792
530 164
285 261
860 975
430 285
782 54
235 839
252 639
662 600
899 886
507 631
597 125
32 843
820 284
880 15
292 405
692 800
562 375
283 378
602 596
145 381
943 839
857 642
235 242
292 75
496 742
117 250
407 650
46 62
512 846
382 246
828 500
318 862
581 220
527 730
515 226
139 755
827 180
93 264
849 540
135 141
983 969
585 106
803 191
144 352
376 777
212 77
984 968
475 207
718 185
665 51
663 520
668 918
682 726
684 392
279 880
104 770
266 49
431 985
253 447
533 93
692 956
405 970
172 843
559 809
307 724
70 120
350 666
719 567
206 670
946 901
301 762
501 647
506 751
507 26
255 1000
826 410
220 893
593 509
886 538
373 637
997 403
194 64
360 872
261 908
901 93
227 24
221 479
523 565
113 225
869 570
467 470
32 137
341 497
643 443
200 943
19 373
661 814
593 552
598 219
891 847
412 348
549 781
622 717
643 456
520 29
248 598
729 137
982 725
598 421
340 413
343 974
217 462
469 657
899 112
301 342
784 944
303 760
291 192
878 772
404 545
520 970
795 336
88 460
201 211
718 584
477 294
940 706
813 332
328 288
376 71
943 953
125 340
586 198
163 107
275 933
918 137
956 308
371 204
742 461
600 470
448 579
656 408
380 646
749 779
831 521
462 420
873 259
896 326
551 702
250 645
720 634
392 203
888 192
854 981
309 416
96 275
467 749
831 495
320 903
797 651
500 573
487 785
493 340
560 49
9 269
302 906
307 560
15 355
976 968
168 926
385 787
209 310
781 1000
324 513
751 922
308 461
185 445
910 274
962 159
341 194
214 48
752 759
454 611
19 66
369 57
385 886
264 955
180 247
863 338
900 232
363 436
861 685
635 717
759 50
732 855
490 561
736 953
860 951
924 404
90 649
749 393
952 981
476 531
293 227
169 429
445 296
467 208
430 452
197 327
145 436
329 215
554 792
601 291
13 117
736 630
738 601
222 821
47 298
361 727
254 362
808 18
206 780
519 572
131 775
443 41
795 316
173 128
947 489
698 545
606 878
989 126
280 762
931 957
146 179
503 281
923 513
449 886
348 136
578 813
685 7
813 82
194 546
980 581
28 986
766 114
822 416
178 839
8 802
565 578
547 971
483 401
466 609
841 635
113 668
189 735
996 209
670 22
176 470
160 971
270 714
843 590
879 132
935 438
760 756
427 231
813 501
449 291
926 207
160 678
860 912
445 791
412 192
513 747
77 748
260 412
333 578
462 798
881 66
882 797
117 560
333 979
743 860
964 715
678 969
806 18
535 560
939 511
355 244
47 6
860 923
844 304
313 712
499 993
636 946
505 176
402 398
180 755
300 386
420 143
364 948
417 858
923 48
585 561
514 495
476 358
690 236
908 827
562 688
875 168
554 911
149 681
157 846
71 564
239 566
130 6
351 708
541 820
712 618
675 382
303 545
420 323
993 135
49 47
214 867
819 575
567 165
935 897
258 277
267 65
508 507
237 723
988 13
81 879
414 442
471 86
904 803
498 400
784 467
555 400
846 177
668 849
65 652
502 317
510 650
684 203
557 339
725 913
926 152
146 726
555 190
29 599
321 586
790 966
347 488
756 580
170 99
152 746
935 388
967 573
394 619
255 580
660 770
420 751
263 931
630 560
521 220
868 237
890 421
318 138
636 129
752 398
769 926
807 834
924 62
249 388
543 836
906 154
847 934
207 519
62 286
155 104
650 843
303 16
986 914
330 990
772 9
222 64
593 604
995 960
981 46
857 999
765 822
397 124
165 992
321 333
830 914
227 699
467 136
718 851
22 218
294 607
867 363
562 455
447 859
434 850
643 26
990 359
349 101
666 345
850 458
79 908
830 716
615 846
362 240
533 567
148 523
353 979
615 991
529 816
362 3
325 413
520 525
563 772
853 919
264 500
345 972
246 751
326 633
311 901
314 81
10 374
767 966
381 7
219 852
515 387
426 518
500 683
673 527
341 745
893 940
31 365
197 629
752 920
299 173
210 256
287 644
112 994
651 929
48 378
815 760
362 598
756 698
479 829
264 674
781 963
488 384
215 855
773 367
631 431
189 632
526 553
378 435
455 213
256 437
518 445
665 543
385 42
356 464
961 481
262 526
80 940
412 447
144 709
113 224
923 224
578 106
27 272
937 450
515 615
255 350
950 810
611 462
429 621
196 776
378 119
557 709
277 713
830 831
814 416
340 47
839 183
902 944
151 81
415 332
456 65
123 497
735 887
227 548
563 958
822 921
969 507
474 827
183 849
192 268
274 798
495 976
866 708
25 476
390 676
862 530
604 368
608 883
127 805
477 342
836 771
843 959
103 316
250 720
382 265
21 249
595 220
279 689
319 484
945 957
159 153
50 539
989 428
962 728
10 253
284 972
551 526
703 723
904 829
246 794
621 966
659 656
52 455
347 133
225 737
194 784
733 585
437 444
225 560
938 371
262 825
800 624
927 569
296 244
665 586
299 452
542 384
138 970
713 886
699 679
688 436
119 76
217 453
184 670
324 800
386 627
459 11
160 108
469 222
971 180
882 841
333 959
227 388
190 792
86 345
201 545
97 624
424 448
156 783
213 842
842 649
397 51
369 580
44 808
757 988
49 582
265 897
639 425
35 567
404 736
922 869
923 196
357 640
737 802
221 497
258 125
19 559
102 348
392 556
606 988
519 575
961 555
582 101
899 269
4 452
819 546
694 466
35 115
681 709
171 627
140 814
718 327
112 219
594 177
142 912
605 791
699 429
447 343
323 989
676 863
326 720
129 180
202 962
613 484
910 772
909 719
203 640
902 408
531 574
948 605
879 22
702 565
320 787
871 663
177 610
877 721
159 534
769 358
309 165
690 800
267 625
290 690
973 335
664 771
216 450
911 41
949 486
521 167
869 671
105 738
469 1
604 732
226 790
174 558
66 207
564 114
433 720
671 417
443 539
761 516
243 797
445 105
942 472
878 641
661 869
278 331
99 250
320 253
654 22
213 878
360 750
70 937
479 853
296 118
151 40
335 319
62 605
50 445
217 827
291 957
862 36
683 659
44 675
61 283
154 495
892 779
43 956
456 715
588 524
206 443
387 383
481 136
304 399
641 512
605 335
81 563
577 726
83 29
219 941
400 769
999 424
968 519
831 755
689 30
5 45
380 719
382 261
419 285
722 94
119 722
870 46
565 564
96 365
99 926
203 379
851 495
375 53
581 826
450 300
875 533
569 674
290 389
184 27
901 675
478 736
82 739
859 57
966 895
143 145
356 228
449 270
752 673
220 923
848 84
646 155
243 554
47 986
200 727
445 171
215 396
854 73
969 817
452 962
38 58
665 860
597 281
448 352
912 735
237 346
97 591
407 192
635 459
446 702
612 864
952 799
520 99
387 44
67 710
377 408
325 856
291 968
647 565
957 387
960 489
430 509
113 454
369 669
540 284
210 667
709 371
359 62
417 787
109 723
960 183
289 763
35 301
805 817
76 903
980 64
426 850
304 314
107 335
559 759
582 316
965 204
591 198
495 157
500 773
283 809
859 758
641 447
988 18
183 304
318 521
924 77
369 493
29 859
927 806
529 379
842 714
690 902
180 328
254 601
77 960
24 244
423 212
595 639
134 137
856 829
266 273
802 852
369 386
977 195
118 220
979 304
979 746
570 818
420 701
425 257
981 892
399 777
503 200
86 80
754 134
611 275
406 619
902 940
303 209
626 589
523 694
800 17
35 828
644 130
915 383
269 195
587 72
736 782
814 417
818 796
670 709
333 25
306 72
605 612
165 899
425 878
227 726
725 187
304 617
412 636
783 543
476 303
500 165
947 286
126 559
1 440
734 186
37 208
631 598
634 502
763 710
837 179
493 526
876 351
509 258
720 975
611 183
97 384
153 150
136 836
410 367
158 641
59 76
758 974
444 514
387 518
908 433
549 417
495 177
686 266
104 578
768 659
533 411
954 66
685 946
499 163
877 530
875 588
785 868
806 846
328 793
718 10
63 883
300 359
87 105
399 228
769 488
538 551
318 263
806 552
24 208
557 410
655 829
411 641
85 346
459 348
697 88
187 307
132 237
958 81
800 863
194 418
216 406
881 420
610 634
995 172
445 211
670 500
907 994
364 901
511 886
705 967
765 923
625 40
754 396
882 729
459 872
904 971
874 857
529 290
730 421
646 254
988 391
779 806
198 38
442 540
351 972
766 549
878 951
365 672
259 207
409 254
887 575
212 245
268 7
586 6
827 784
420 474
684 639
595 300
718 525
316 283
268 202
395 140
418 743
129 376
818 194
413 702
220 46
958 186
242 562
421 833
426 701
686 183
745 409
840 355
694 322
373 304
444 661
11 90
290 15
3 654
548 459
353 597
267 773
654 947
896 211
146 974
402 612
384 999
917 195
276 61
941 701
500 531
640 168
823 697
61 555
369 360
777 961
171 62
708 239
751 75
474 229
458 686
612 259
960 804
757 474
778 509
393 89
531 799
687 756
753 339
418 508
902 842
772 311
959 772
855 878
306 385
664 363
332 425
288 79
986 154
639 415
591 961
761 666
78 812
344 470
130 593
493 779
5 383
248 690
47 148
412 279
532 512
267 585
611 150
593 903
334 979
304 674
278 692
782 891
343 771
252 820
927 90
457 388
361 544
362 267
736 532
843 456
292 82
979 248
597 809
418 950
231 95
620 274
384 391
37 627
642 179
505 611
234 99
732 230
736 225
349 338
542 611
154 928
449 848
176 936
380 964
722 95
405 209
85 877
431 849
965 265
220 336
594 37
700 544
405 834
530 829
244 480
162 89
806 255
544 865
85 591
836 393
394 164
983 106
482 525
8 574
150 873
299 97
856 802
820 901
177 909
967 566
634 914
843 620
695 455
717 11
43 100
150 984
302 819
159 666
240 406
152 748
262 657
14 432
217 906
199 238
790 951
147 947
60 592
995 151
571 688
411 998
657 514
342 786
678 920
88 109
441 579
351 64
668 134
429 758
912 720
640 964
131 372
188 355
653 679
486 551
770 581
350 27
151 222
634 142
341 288
231 268
18 881
117 421
66 613
857 790
623 827
607 198
761 242
357 711
943 832
947 261
165 704
168 188
166 667
615 840
266 452
641 611
225 677
899 311
24 539
153 185
392 991
248 249
287 66
131 750
371 245
518 915
283 955
680 309
976 668
349 694
543 162
785 750
179 810
533 888
236 776
573 647
43 388
689 394
393 725
231 519
347 10
402 795
975 644
579 359
599 888
368 906
480 536
154 713
622 442
894 703
293 598
859 181
181 929
474 221
835 77
275 36
665 620
261 25
797 119
133 954
842 866
240 434
348 837
977 851
356 360
341 156
228 120
587 668
449 817
535 916
4 972
393 371
701 509
223 105
406 731
687 702
449 164
425 947
800 129
765 871
623 633
655 768
312 603
830 829
514 546
867 312
465 936
165 787
224 433
442 488
886 487
853 742
66 760
857 739
969 505
221 28
59 353
775 623
376 475
951 430
457 190
663 474
782 582
362 101
73 494
424 599
457 783
427 675
85 963
380 641
253 141
724 954
263 78
842 525
92 188
336 374
690 585
512 361
505 885
548 383
607 924
422 580
828 991
613 351
270 568
567 290
234 878
388 963
108 936
15 364
237 844
651 860
800 626
121 935
470 50
860 590
631 397
812 745
710 825
578 426
337 536
618 955
269 466
209 614
28 62
708 522
565 193
753 97
517 110
186 830
669 803
618 861
468 932
92 792
221 700
938 22
758 333
777 322
155 82
339 689
946 379
79 691
335 293
924 262
283 438
654 171
126 634
253 248
594 728
259 161
550 347
849 814
477 101
867 421
580 682
979 847
396 461
96 61
862 360
791 180
44 479
830 650
672 548
130 208
79 247
851 191
340 513
90 732
624 444
1 165
20 647
461 787
172 458
488 911
999 335
385 183
585 495
490 967
305 376
470 914
609 364
521 664
461 117
559 908
759 836
157 348
693 442
451 35
859 942
989 575
629 584
133 723
998 311
493 720
531 576
345 597
896 67
698 467
517 637
833 696
704 936
926 341
623 31
915 846
625 945
293 622
792 131
372 710
722 444
426 129
688 372
618 765
674 187
34 858
350 992
445 788
431 353
56 109
511 567
937 420
555 117
919 524
740 63
838 996
363 516
916 578
946 573
913 332
456 817
503 630
672 21
395 670
182 890
539 295
243 908
49 535
784 590
51 65
344 245
877 309
794 724
348 517
630 151
904 887
687 84
688 926
622 635
801 582
558 995
304 562
122 281
175 273
643 376
179 850
509 487
117 226
500 158
157 843
528 353
737 957
700 39
463 443
690 461
69 16
555 969
93 268
405 510
372 71
852 329
709 64
253 196
534 21
846 363
611 674
816 266
603 626
750 903
537 96
849 470
868 630
336 687
673 608
466 798
584 133
25 74
567 68
146 928
502 554
935 736
37 805
849 359
335 512
638 939
718 67
662 679
8 592
299 2
742 837
559 785
200 307
358 626
362 625
825 895
823 668
973 15
132 497
940 344
869 78
678 556
54 458
817 636
139 873
868 25
229 961
68 577
952 84
754 96
916 759
241 51
43 773
66 190
487 78
311 832
551 815
624 715
240 196
717 590
517 774
703 399
30 831
260 800
173 513
269 46
757 835
648 393
577 485
108 233
843 358
495 731
300 539
118 822
925 852
733 363
537 512
692 745
969 429
147 856
698 618
634 323
27 659
525 432
620 882
837 191
310 486
681 754
240 622
538 13
23 967
989 943
714 330
774 480
392 830
84 828
176 85
965 347
91 354
92 217
662 341
78 28
290 52
642 769
699 208
759 960
392 540
319 163
911 431
687 619
890 768
10 38
547 789
381 471
132 469
975 933
959 480
428 616
102 531
656 907
91 814
733 659
811 41
540 617
359 805
694 742
18 383
290 760
592 920
596 816
719 689
360 876
215 694
273 843
260 87
210 83
30 633
993 194
41 320
721 486
812 955
264 225
948 139
161 623
861 758
751 582
243 983
620 259
431 236
678 103
923 76
925 534
641 819
895 792
198 56
740 523
49 680
44 784
130 427
740 922
689 920
277 79
174 32
753 529
705 470
727 785
999 12
793 827
496 917
671 830
740 374
235 496
885 342
232 522
943 554
335 932
966 761
789 144
665 98
301 790
31 445
181 448
805 646
441 371
228 997
799 863
140 619
841 754
293 791
21 472
168 868
243 168
544 827
335 760
817 329
157 232
55 713
612 666
346 309
392 391
873 178
637 57
345 647
834 293
471 377
150 790
869 390
854 314
588 991
364 381
199 403
954 644
869 279
651 684
706 469
375 114
55 796
276 607
192 530
483 53
647 60
204 201
243 661
100 778
193 120
247 165
469 219
644 209
807 775
810 249
217 227
951 856
648 99
407 10
283 24
402 390
369 633
297 228
61 131
501 76
283 393
692 795
184 562
69 281
913 931
329 164
595 321
502 473
452 806
697 869
184 784
495 896
577 719
338 189
586 318
395 142
178 274
936 890
311 18
978 493
279 496
763 853
729 192
131 553
390 278
138 375
323 817
732 179
951 83
737 227
881 567
488 799
112 847
24 481
851 468
547 975
968 152
141 963
719 591
634 831
907 503
508 32
111 133
807 294
923 160
462 721
798 111
712 236
462 122
388 823
872 466
665 530
673 135
787 395
626 161
403 402
61 626
99 291
315 878
858 60
273 642
381 737
989 994
673 198
105 743
624 593
342 244
909 104
807 858
904 139
374 133
414 316
337 883
610 911
387 164
703 362
819 169
499 687
364 122
943 72
356 662
86 491
127 213
421 500
313 829
407 927
688 927
620 474
723 931
853 300
965 802
822 577
605 475
953 938
596 2
335 94
418 662
598 707
197 234
658 620
165 524
48 633
760 776
879 627
989 207
506 269
224 55
480 417
172 431
343 568
435 955
149 105
888 141
764 544
105 101
971 838
367 45
482 345
378 242
730 739
638 936
766 253
859 909
508 213
862 784
521 516
974 494
372 516
546 177
397 833
582 154
533 437
77 985
445 597
858 254
531 716
761 259
953 34
846 855
247 54
243 446
172 898
818 334
985 753
958 156
652 991
800 810
488 326
142 969
716 470
792 446
811 490
445 168
763 892
485 679
270 45
143 289
976 314
190 836
475 276
41 500
403 765
79 596
631 11
155 108
140 504
786 70
113 474
705 62
923 99
9 743
655 344
198 221
348 746
188 67
170 562
499 469
446 927
375 402
52 562
443 887
762 155
50 47
378 672
394 702
309 866
226 492
89 604
477 221
150 237
174 231
547 331
895 443
128 971
291 9
55 32
738 482
427 697
11 902
68 189
395 39
741 679
953 529
965 584
233 139
253 88
498 318
983 810
159 292
111 991
299 161
82 307
928 703
348 330
547 903
972 648
699 832
24 886
910 672
471 186
134 253
247 819
980 863
608 100
107 797
492 549
509 641
774 45
794 999
962 261
843 522
328 557
369 391
756 565
268 869
661 486
263 718
74 551
682 166
591 778
170 466
47 872
436 305
330 796
501 341
52 833
754 359
296 275
401 797
119 69
853 17
160 290
531 277
368 133
421 389
424 119
207 404
524 634
17 248
1 659
409 374
579 654
629 284
998 964
353 17
795 422
845 245
265 843
819 300
692 550
14 590
328 497
662 970
296 879
575 811
944 555
157 818
174 144
700 232
850 317
707 732
392 461
548 52
162 731
895 351
149 975
79 130
617 751
263 59
47 505
984 570
453 473
241 707
367 391
594 201
315 296
103 393
894 108
324 676
129 172
537 95
194 586
32 504
292 496
849 174
280 698
262 19
708 103
650 214
565 666
587 894
494 88
223 634
479 908
981 586
536 63
177 971
220 1
703 2
280 492
88 565
361 531
347 468
846 574
872 149
47 927
472 771
990 709
331 120
60 538
843 621
191 476
602 469
86 226
895 584
87 543
92 875
237 398
943 454
32 170
400 462
386 657
153 650
652 596
908 558
92 905
254 721
558 602
870 924
799 660
781 137
888 583
549 14
128 742
628 521
405 262
814 162
429 128
505 362
870 853
27 685
752 469
268 145
918 63
353 799
462 235
699 638
504 413
366 437
20 641
41 682
662 163
521 781
851 65
860 232
76 575
862 938
920 173
629 933
166 796
742 204
746 131
711 919
875 557
693 814
957 767
944 226
57 463
946 666
479 992
263 483
996 820
592 835
593 30
480 945
65 965
13 669
30 261
18 309
789 728
60 728
778 331
119 191
856 615
808 778
57 794
773 52
710 818
706 249
63 340
47 947
213 423
750 246
56 478
991 136
467 548
861 652
237 370
333 863
834 196
925 699
654 107
801 501
985 80
967 32
271 473
689 74
249 205
446 529
178 243
886 3
66 540
42 201
102 493
411 456
625 388
473 695
684 975
404 397
244 886
465 519
980 162
819 356
504 712
990 287
671 904
666 194
391 168
443 185
541 928
525 283
514 44
741 637
82 42
998 100
157 540
15 994
509 41
625 960
590 882
484 377
548 290
254 839
827 509
978 131
157 318
30 52
124 311
252 710
664 142
521 800
67 49
767 668
247 296
232 31
458 705
884 379
206 567
651 870
967 960
938 198
21 610
740 78
541 107
890 575
599 149
982 7
329 709
330 662
440 170
609 920
686 991
735 509
921 954
79 760
412 455
31 670
326 261
273 911
200 953
972 271
296 312
278 504
958 334
852 981
890 128
505 230
378 92
921 724
718 805
681 237
592 393
331 511
558 914
610 221
691 111
72 765
894 317
967 298
143 996
257 605
559 44
732 895
340 502
197 427
44 530
886 265
444 276
267 309
213 721
145 657
224 246
466 79
675 257
272 557
633 143
686 131
190 33
727 621
930 928
866 543
685 57
337 331
229 333
211 718
779 407
954 170
202 951
832 514
45 299
204 299
950 86
536 262
665 422
760 996
318 668
176 181
565 645
307 685
328 880
898 548
320 800
388 889
190 293
851 749
66 335
780 663
265 775
983 504
859 182
831 165
4 681
465 990
707 490
842 496
480 59
675 561
811 440
853 707
640 288
338 881
800 934
567 629
648 250
354 135
344 401
71 38
437 904
442 802
501 197
156 800
373 131
678 300
145 49
754 503
863 171
306 68
914 263
917 932
352 650
792 855
210 744
49 686
467 171
766 525
36 956
101 658
50 208
857 736
641 979
698 676
956 236
499 363
488 760
378 564
992 824
149 861
387 712
495 844
603 158
817 28
744 46
448 601
845 966
187 228
723 406
392 732
444 653
564 914
250 844
602 148
1 120
821 487
561 96
829 592
371 865
155 860
230 440
17 851
401 700
238 499
679 56
792 59
976 808
573 906
388 974
171 470
134 222
963 50
220 569
385 532
243 456
669 252
797 423
673 249
394 458
665 589
260 279
354 470
618 535
621 372
464 265
217 324
820 158
397 763
90 383
460 349
354 312
942 937
908 713
781 597
673 436
715 209
588 33
739 215
441 632
575 293
479 464
181 582
647 592
386 878
136 345
653 748
360 759
709 891
921 652
95 273
670 805
258 199
875 194
112 604
805 147
273 258
404 604
448 872
781 106
628 697
995 586
491 987
711 962
974 980
187 34
336 920
353 798
335 154
391 212
843 896
802 605
250 654
567 863
419 151
774 543
387 949
301 231
768 695
662 160
208 497
859 818
347 119
206 830
210 453
983 882
630 925
821 404
787 284
901 960
642 745
435 178
450 22
492 509
406 821
355 911
27 105
801 57
143 94
77 838
854 992
463 701
744 957
17 379
380 441
25 856
833 249
854 145
583 813
730 355
71 89
808 553
521 722
644 183
416 672
187 932
282 912
729 41
198 356
861 572
288 400
796 824
193 277
302 177
508 990
622 638
127 164
148 799
903 729
871 293
583 369
343 908
839 192
291 817
497 848
629 467
547 448
468 383
552 556
514 267
245 331
875 972
419 34
827 161
145 981
407 605
157 618
714 341
699 491
774 507
962 891
898 517
654 881
16 837
842 497
736 84
996 526
561 95
104 670
711 997
824 759
50 83
627 234
81 79
718 215
278 564
708 41
233 975
175 948
186 351
522 213
975 605
523 116
484 88
57 490
76 258
376 688
216 645
879 166
534 967
481 807
834 869
63 405
643 793
440 60
21 609
632 549
748 432
706 171
389 141
946 762
673 18
323 888
240 281
302 991
20 431
939 307
668 275
463 657
518 771
145 283
530 268
624 639
911 953
289 410
627 580
891 971
269 329
407 223
356 549
875 479
862 235
554 184
520 104
895 515
5 736
708 14
246 535
853 492
784 685
397 532
218 693
904 790
409 408
246 207
426 340
50 90
696 408
311 257
573 110
442 464
353 11
761 246
118 821
103 367
636 690
342 58
321 295
904 628
893 610
286 592
144 441
58 659
684 579
762 379
376 50
28 715
158 686
470 652
72 811
718 486
358 465
89 892
550 979
917 436
367 365
978 66
375 694
36 428
901 992
423 284
707 913
779 12
927 156
932 742
183 444
206 967
470 840
807 331
422 687
9 282
376 605
685 360
322 139
219 505
368 541
773 472
940 319
543 738
34 814
860 614
518 36
223 294
78 479
247 444
378 445
90 489
256 395
812 656
797 228
713 924
381 679
368 330
282 566
669 938
1000 287
581 49
657 994
290 902
878 352
381 792
220 81
501 339
653 630
854 217
527 173
255 324
922 617
795 237
725 100
840 978
145 48
53 679
777 104
240 378
350 507
813 897
892 618
197 836
973 606
222 177
95 333
416 636
812 988
188 208
10 720
410 86
585 860
586 495
455 970
386 207
957 644
173 149
529 133
325 490
206 359
249 704
840 509
824 994
951 475
789 300
267 62
283 807
159 228
589 623
236 985
664 954
847 139
851 332
413 889
766 89
309 312
92 184
650 324
409 722
907 127
841 759
146 999
988 866
113 536
738 857
498 466
300 348
34 80
474 411
440 424
807 604
820 970
927 918
531 665
824 397
642 514
850 673
82 567
835 15
718 242
470 957
751 931
458 518
989 874
350 520
901 408
281 859
433 972
195 765
488 369
99 409
338 963
494 410
28 58
229 663
251 163
541 372
947 901
113 279
278 417
573 779
246 21
563 341
800 161
51 105
87 895
970 369
679 603
38 289
858 474
226 193
322 684
235 917
1 765
97 852
301 290
122 113
749 676
875 341
754 762
224 337
405 260
616 743
533 363
321 541
568 522
143 844
537 765
974 938
61 467
35 232
942 956
810 858
445 738
365 555
942 183
966 329
163 12
537 287
385 26
387 948
120 111
263 25
447 716
874 56
675 425
551 714
995 844
974 247
996 619
231 762
513 183
733 788
183 375
977 322
405 809
392 584
820 648
72 464
698 108
811 967
314 373
941 696
341 540
35 491
385 454
641 196
25 623
579 432
589 87
648 631
242 66
333 281
998 533
488 478
772 728
39 459
423 872
65 884
638 591
530 731
197 125
527 575
864 928
484 761
913 439
713 997
808 667
511 640
611 302
665 842
911 981
180 152
488 399
65 7
395 658
751 635
511 998
916 940
331 324
443 654
333 814
501 45
374 469
539 89
889 396
562 474
247 718
145 707
352 290
465 517
724 116
512 880
912 196
110 857
127 901
480 70
164 828
710 908
789 499
40 302
150 938
831 872
153 81
230 97
432 424
569 857
515 287
989 204
612 434
12 259
784 300
785 517
879 749
348 363
665 95
707 948
101 365
915 547
147 397
89 926
367 46
974 66
798 875
196 198
803 374
991 356
202 883
488 28
252 237
204 328
81 606
68 263
509 619
906 343
912 920
865 920
683 11
599 151
231 162
530 506
570 907
5 444
189 335
545 840
658 489
973 544
632 926
482 29
670 576
430 293
213 155
105 994
344 38
841 975
374 390
819 55
171 621
731 963
667 608
666 654
210 514
942 307
669 521
856 48
452 603
715 343
390 913
692 589
589 919
370 847
991 563
595 378
482 577
676 217
491 789
664 641
742 334
582 167
513 428
258 321
150 339
978 432
262 242
656 436
604 282
36 350
883 341
871 780
595 130
885 400
963 314
784 423
95 429
492 770
972 564
497 924
637 259
229 45
950 455
755 45
133 791
9 281
542 141
617 801
525 961
604 862
327 737
902 245
985 673
730 576
53 113
932 852
368 621
935 119
721 175
596 973
116 663
579 25
356 134
777 254
211 599
916 572
198 624
803 942
692 126
752 417
331 353
365 370
444 235
104 484
748 821
855 627
507 993
236 225
170 673
971 30
369 960
425 950
227 336
585 656
88 920
507 606
97 982
204 534
335 332
283 417
718 961
178 148
683 576
66 578
109 544
993 373
277 436
886 504
338 322
157 926
231 13
178 411
126 317
642 266
631 844
93 44
921 321
23 769
780 444
728 885
65 299
405 449
471 398
232 154
722 367
94 727
63 522
45 107
466 192
582 274
73 354
404 254
941 433
736 566
429 349
538 783
851 404
745 193
30 227
323 119
695 247
474 489
772 816
185 890
386 927
99 988
25 993
893 58
125 144
920 114
336 393
299 31
229 210
306 205
532 71
1000 159
384 831
593 55
77 926
632 427
174 998
67 152
74 868
86 836
422 426
316 681
794 873
263 670
129 670
901 40
62 108
299 330
39 813
411 471
967 795
718 739
942 943
670 510
87 144
91 605
848 816
763 207
546 161
761 482
544 72
411 195
714 1000
786 397
326 466
131 192
350 468
642 258
19 631
351 657
593 814
888 586
151 114
11 519
399 948
404 561
144 100
774 864
408 537
173 359
980 137
653 93
601 340
875 85
583 284
641 573
400 909
222 972
150 57
406 151
762 321
710 929
590 635
459 12
836 604
296 733
104 173
339 353
214 863
680 355
384 288
537 286
940 813
712 852
418 963
93 835
439 891
833 992
832 733
234 299
987 379
510 436
522 428
336 343
267 827
713 479
323 758
256 8
66 812
37 584
411 581
768 2
181 115
879 140
294 306
460 14
958 789
764 220
975 22
919 666
976 52
116 719
523 441
226 702
445 128
117 639
839 304
161 713
497 369
445 241
653 556
456 822
240 221
562 614
49 953
560 997
640 520
606 359
701 145
282 769
175 62
782 978
530 91
89 313
114 988
122 832
50 436
198 4
865 281
616 693
268 82
399 904
145 281
61 389
211 104
804 499
331 643
910 104
562 943
616 851
374 615
31 194
36 212
993 159
736 993
191 337
690 345
658 763
461 818
176 942
570 370
992 448
64 595
578 818
395 285
16 982
662 317
834 558
466 938
659 553
418 201
366 243
662 428
613 146
560 98
941 667
543 379
301 636
485 239
110 244
113 688
223 447
354 698
831 188
907 356
712 268
161 26
678 545
401 523
555 182
722 413
601 532
604 921
826 399
761 862
820 161
588 133
147 691
592 64
275 236
406 582
910 470
31 684
952 200
294 907
80 259
227 116
445 21
74 737
810 189
297 6
325 944
766 250
598 295
446 560
161 928
47 984
2 356
49 419
956 997
28 432
576 59
198 96
36 923
168 19
593 886
732 563
548 470
550 356
130 115
918 408
960 142
652 204
447 976
214 933
571 484
538 231
405 428
101 605
505 656
804 102
418 809
762 146
131 724
944 353
654 672
489 132
163 199
721 593
611 709
23 563
483 866
999 346
413 915
609 484
21 349
612 909
281 257
399 465
607 934
355 525
581 775
33 273
219 74
350 752
877 409
719 593
194 772
232 239
930 112
20 448
953 209
55 529
25 550
176 406
68 652
91 805
863 579
868 939
6 334
734 7
661 482
555 35
601 993
40 623
666 815
332 495
498 963
137 239
748 935
35 852
553 663
899 959
242 508
479 505
252 549
381 903
221 594
57 561
557 900
711 83
737 572
791 859
5 706
547 650
622 210
415 679
257 525
258 254
683 579
922 777
210 743
597 905
46 129
529 89
586 410
252 890
550 305
576 156
148 605
407 657
311 148
774 788
16 82
219 637
140 44
151 346
577 663
620 851
923 572
447 682
874 194
658 707
182 141
366 990
147 98
483 670
484 429
324 438
733 782
625 909
849 273
428 684
301 930
676 690
881 896
276 32
889 737
427 615
953 380
538 558
933 985
195 449
103 760
971 608
347 266
811 251
629 656
423 241
560 441
669 249
411 745
138 55
143 214
346 974
185 452
105 637
750 111
436 243
441 675
117 946
781 705
821 192
808 673
375 367
280 774
145 240
273 955
294 979
706 62
621 36
457 977
761 481
122 45
394 924
342 574
245 161
155 217
122 412
140 275
306 103
420 227
46 157
126 463
978 708
762 223
689 20
509 334
738 324
499 328
49 425
378 599
142 269
202 665
140 708
546 738
234 118
187 914
533 984
400 684
607 587
280 882
483 813
279 636
250 879
197 932
756 100
880 746
276 85
428 376
359 139
268 814
916 165
366 212
348 423
149 306
668 838
150 725
962 423
259 779
224 620
333 390
81 437
618 340
301 680
929 135
971 524
916 507
683 400
137 500
35 749
877 858
859 243
147 47
789 740
32 381
964 542
531 917
420 764
33 700
976 452
63 336
85 232
251 208
473 78
641 61
4 898
951 998
963 623
861 648
626 271
147 890
23 279
26 617
853 100
265 715
947 995
714 954
363 280
454 241
37 87
458 252
900 491
705 85
527 788
840 891
93 619
612 557
938 580
779 968
468 267
732 552
549 46
272 22
979 129
849 669
376 25
84 842
13 370
37 636
130 142
69 380
25 412
408 276
82 151
500 954
46 266
361 468
897 848
366 551
363 83
903 158
483 841
779 404
85 901
569 968
56 757
430 505
220 440
917 14
794 379
764 573
518 201
57 269
315 709
488 143
557 365
497 839
977 61
461 228
872 277
46 966
765 54
103 691
181 37
842 801
868 801
229 204
319 107
802 403
479 962
116 701
137 16
946 870
806 506
366 445
724 965
464 325
303 340
910 292
547 554
43 37
683 154
26 683
464 724
392 49
380 472
753 82
187 21
536 904
853 151
670 567
138 748
52 874
571 970
952 184
19 355
250 47
398 773
700 669
97 944
408 773
283 455
933 1
131 27
44 744
47 407
13 35
225 926
201 963
344 947
591 708
23 142
795 703
250 368
509 389
823 607
184 862
776 418
460 955
504 251
892 918
396 403
24 561
923 418
805 821
72 814
275 915
280 827
563 760
535 140
310 107
920 459
760 10
957 944
542 582
599 531
690 717
513 332
920 378
650 687
507 316
11 155
820 723
413 771
337 719
879 368
807 503
241 516
721 882
484 232
323 42
289 910
733 971
135 331
105 358
214 320
358 385
988 703
972 788
405 577
467 932
339 322
855 201
593 90
760 565
337 676
852 314
754 47
22 400
100 141
668 370
621 430
27 522
165 216
646 409
837 501
290 839
722 962
905 354
302 274
433 609
360 671
218 741
865 614
259 734
611 70
965 707
342 642
2 329
149 534
796 867
493 853
504 825
502 324
451 722
359 453
783 615
457 69
386 91
36 369
629 392
866 874
984 993
481 200
671 663
175 580
736 322
58 690
244 217
352 166
802 565
196 324
419 255
936 787
334 462
373 874
662 190
763 828
90 626
418 957
641 533
811 574
918 886
708 334
107 577
572 653
851 318
742 104
211 607
765 156
486 487
110 339
807 411
590 985
846 71
371 869
890 959
941 337
500 519
565 741
802 821
77 11
68 850
850 211
661 291
699 976
741 117
636 890
891 328
975 759
575 242
635 847
483 170
379 13
755 470
737 864
43 818
583 692
549 612
752 624
215 592
790 886
38 235
938 45
481 590
43 835
541 192
890 482
503 341
855 928
362 658
652 706
598 130
670 527
703 690
327 152
536 321
233 985
114 551
228 14
282 811
639 451
911 656
606 280
537 823
706 338
385 372
966 128
148 775
259 166
979 503
156 550
31 970
625 403
248 346
672 716
692 519
511 259
892 632
5 872
619 74
884 862
353 786
427 631
709 85
323 678
414 371
876 458
110 674
590 744
883 851
244 428
742 487
618 145
802 968
90 598
641 334
827 103
811 538
752 32
547 100
513 180
788 102
492 821
861 348
920 178
689 574
540 806
270 620
257 359
115 471
673 959
640 160
289 950
698 474
440 454
848 323
831 154
134 190
587 961
358 984
146 744
96 535
467 860
986 269
161 493
894 585
319 852
641 918
837 791
363 620
717 833
129 760
282 762
155 376
518 783
273 789
806 185
147 780
482 389
618 809
839 451
532 409
517 75
443 530
595 844
550 13
97 939
917 620
463 844
874 677
729 94
964 979
235 997
606 244
727 10
386 993
283 689
984 12
783 558
865 287
378 662
553 170
495 573
222 799
409 162
330 356
633 5
199 326
340 648
280 847
281 186
279 643
854 841
56 758
495 241
632 41
441 890
46 741
785 651
384 44
760 973
372 403
798 147
345 521
872 278
454 399
56 835
977 947
627 12
609 228
232 4
588 417
716 750
399 2
989 830
972 932
722 411
460 228
380 251
381 558
555 57
32 410
420 529
954 553
568 858
167 260
687 573
318 176
195 583
503 134
97 725
395 57
703 295
248 871
355 141
377 325
928 51
924 423
430 296
100 558
653 816
984 121
69 441
987 938
969 747
566 775
734 421
500 475
167 495
126 437
911 633
244 800
245 9
139 404
305 876
641 970
126 260
219 738
319 430
849 879
25 349
232 887
378 541
185 679
577 649
559 265
173 62
429 84
656 24
34 388
144 460
54 835
291 15
789 276
934 743
410 387
20 838
443 367
944 498
229 328
374 867
712 878
486 361
292 562
189 970
850 4
561 127
820 732
859 894
219 223
77 149
333 107
100 330
449 598
966 961
879 480
343 398
683 317
556 69
632 291
685 871
54 318
828 785
78 432
175 827
651 808
38 470
513 783
552 819
845 498
501 652
302 855
103 948
521 149
299 355
800 844
959 554
459 25
795 963
246 355
468 793
605 808
821 795
308 322
40 992
189 193
360 760
284 251
235 655
553 294
825 457
508 190
866 295
922 629
683 569
398 998
147 546
758 488
475 943
908 919
805 105
255 422
792 860
594 475
135 550
373 55
434 925
109 541
918 459
751 806
232 964
448 769
140 79
947 361
575 849
482 608
727 814
567 961
733 505
534 138
341 981
984 657
72 843
469 983
823 232
59 71
921 96
196 515
391 124
581 714
968 389
895 298
239 342
239 12
870 28
357 167
50 529
665 20
24 396
478 953
137 659
279 824
673 545
489 384
349 948
423 397
261 306
29 822
176 342
198 919
713 433
475 962
423 98
280 212
800 539
394 356
205 766
437 386
510 712
186 642
115 280
940 287
535 434
52 239
658 869
427 261
85 353
602 189
360 800
786 964
806 259
388 120
268 918
974 571
401 243
557 708
772 880
91 195
285 897
899 925
222 484
669 827
394 779
344 114
198 381
570 672
790 593
347 889
369 993
579 562
365 629
22 958
739 265
867 348
830 592
136 700
211 224
73 199
718 657
499 567
636 758
322 842
287 236
71 581
649 755
600 159
434 739
788 950
182 333
846 914
679 923
828 439
280 709
464 361
139 186
90 676
275 970
920 405
131 558
940 808
903 180
689 232
77 379
977 309
25 160
353 755
63 952
836 248
620 599
172 535
571 125
521 640
168 696
851 477
249 790
346 837
659 526
223 567
76 284
263 328
464 291
124 408
513 85
197 708
271 845
773 395
612 677
981 770
902 33
218 373
526 717
104 980
30 508
489 670
167 61
596 913
54 401
480 806
229 981
323 400
574 987
811 391
601 991
786 845
296 435
781 528
887 33
134 763
216 234
142 22
491 336
358 35
517 74
887 470
612 869
539 319
874 674
13 172
341 303
867 788
900 356
667 403
279 105
924 354
89 43
412 526
239 869
26 184
634 85
942 394
212 163
1 590
701 993
783 136
840 603
88 480
823 306
202 296
80 900
1 360
144 5
908 824
885 358
541 954
962 368
374 917
16 811
167 524
793 54
477 404
923 742
229 339
926 715
305 259
388 384
845 900
656 362
803 493
415 7
537 25
962 534
335 520
447 450
485 155
894 313
492 681
32 186
537 138
246 856
906 113
393 898
466 568
677 946
345 441
253 256
792 120
78 341
25 591
313 196
886 667
261 44
85 424
493 51
275 128
873 413
668 505
236 23
228 416
656 837
750 37
643 685
777 368
389 793
617 400
981 991
802 104
627 587
810 149
1000 519
711 219
596 471
644 144
870 722
207 520
833 73
429 638
467 439
624 850
424 386
61 83
282 864
838 373
729 178
425 888
320 66
178 96
199 698
314 544
477 52
448 806
144 47
808 70
771 90
870 900
961 632
196 723
625 555
420 283
416 514
940 722
23 878
546 697
504 108
474 588
80 698
560 965
174 345
42 795
25 239
119 795
634 557
771 534
318 567
138 409
86 563
34 214
785 886
842 609
162 218
9 396
651 77
698 32
719 650
405 990
228 151
547 797
932 961
55 530
349 881
290 288
17 907
159 507
88 553
479 183
872 17
164 5
311 926
453 105
815 542
502 879
67 203
640 294
878 506
75 507
863 354
101 668
235 753
470 376
441 614
500 100
230 820
436 924
730 292
296 282
191 647
838 710
457 361
240 119
746 684
97 10
543 698
371 257
35 516
198 48
861 912
455 675
738 93
520 152
499 595
136 641
193 464
89 743
715 375
678 377
636 435
645 512
444 327
447 864
377 156
804 423
964 490
594 527
81 736
524 806
909 796
344 578
974 962
978 257
962 922
814 107
999 405
361 257
334 279
811 675
224 7
280 793
682 807
172 479
615 69
926 752
124 544
875 792
896 419
471 205
270 192
497 594
724 963
637 382
395 457
348 303
132 780
828 609
661 497
318 723
710 517
414 70
253 486
718 16
78 243
869 172
731 135
824 547
56 909
37 588
531 668
337 549
793 409
398 67
267 590
750 387
716 311
113 974
510 856
56 90
111 444
133 186
318 254
907 948
565 167
18 234
899 527
277 943
118 283
264 54
375 360
381 823
995 39
230 976
618 834
273 73
651 168
574 233
762 905
929 518
682 310
773 669
317 241
448 64
909 461
912 319
638 190
294 515
335 99
550 336
218 793
679 692
126 349
477 237
336 783
904 561
176 856
822 739
22 507
923 620
961 721
894 209
107 257
269 562
219 971
770 505
20 648
131 529
150 287
28 959
219 888
646 735
305 375
569 546
457 524
189 13
614 50
797 754
689 431
396 921
368 892
96 459
885 709
299 238
902 327
675 858
806 755
275 393
613 203
411 601
292 599
424 988
260 354
116 676
962 324
53 181
716 226
94 579
4 879
941 998
933 982
132 203
297 180
51 317
568 145
752 414
324 783
352 780
886 969
799 962
329 524
221 614
166 169
425 97
714 953
485 109
810 340
601 105
875 390
515 825
22 859
689 766
456 615
364 272
194 51
596 155
598 505
505 414
359 15
567 618
568 700
320 13
300 959
73 115
36 65
852 483
81 953
832 799
712 741
732 248
127 742
664 584
331 997
633 357
651 322
564 929
949 175
10 57
428 200
195 239
106 318
381 232
665 467
777 521
64 2
500 714
887 690
548 440
90 203
309 492
38 538
607 991
629 563
498 23
651 945
727 138
765 51
453 845
189 759
142 767
584 507
18 385
91 221
935 78
955 628
669 190
800 691
826 395
403 438
191 319
548 892
204 186
5 423
227 235
394 750
948 9
87 623
679 171
905 250
963 588
127 403
181 535
832 401
316 802
703 438
175 105
435 148
862 237
94 123
305 307
580 934
355 365
32 856
137 757
108 83
951 521
754 605
796 794
212 81
364 372
41 815
323 269
671 559
374 677
925 811
164 783
983 766
182 442
453 203
550 747
862 297
118 553
358 120
72 849
225 277
373 405
932 270
165 509
6 887
710 655
110 459
920 381
557 120
45 292
105 73
106 274
659 728
931 351
881 920
128 144
717 370
862 869
295 220
116 847
537 359
172 169
472 832
788 419
96 499
793 275
638 713
410 837
261 879
12 657
380 59
517 956
465 716
12 864
109 292
848 412
186 607
134 279
686 800
664 537
289 350
551 162
333 621
96 832
904 365
307 878
364 773
56 46
425 159
533 979
749 14
268 579
568 73
435 808
532 492
956 560
259 256
134 704
174 621
412 290
948 156
949 355
353 478
619 551
670 673
657 774
326 532
94 87
185 608
593 948
814 428
709 570
16 281
645 510
294 740
706 764
224 331
76 660
387 275
83 919
784 941
382 140
933 260
723 208
46 103
874 300
177 645
883 534
789 170
832 808
46 470
270 970
914 706
862 660
439 253
853 959
512 581
470 541
811 563
594 193
611 741
577 949
797 636
803 471
343 502
167 737
992 396
868 567
686 384
484 312
110 463
713 294
822 64
916 141
189 861
831 274
124 374
113 739
775 203
488 89
587 967
824 403
147 166
722 462
725 605
543 716
626 178
664 491
156 351
322 115
513 666
165 391
865 586
742 759
213 395
273 814
938 40
61 839
69 716
783 128
317 46
653 660
378 44
514 762
198 371
48 454
905 387
339 699
437 870
957 111
210 564
545 597
583 245
604 203
52 579
279 899
143 948
348 682
978 561
156 545
127 30
623 901
899 91
810 546
975 236
888 702
301 429
932 17
554 559
966 827
520 915
374 450
904 562
410 295
359 200
287 127
51 883
115 924
810 704
961 720
656 98
486 213
694 430
344 718
516 758
745 390
927 60
784 198
663 726
461 922
297 841
855 334
512 720
914 968
755 970
208 391
773 558
345 562
952 629
510 520
21 259
314 383
814 314
655 580
893 217
270 482
615 176
102 577
622 376
664 88
760 513
501 721
906 189
510 726
873 806
32 258
86 949
379 189
807 111
792 316
982 243
90 427
237 72
934 374
609 861
26 851
781 737
484 743
829 757
798 528
433 716
235 696
596 497
349 847
471 856
916 571
919 484
957 145
541 338
356 520
345 265
866 237
574 138
334 943
230 588
305 667
415 746
697 573
862 129
790 482
353 375
412 520
507 650
236 452
678 311
904 752
62 728
193 415
1000 793
490 331
611 865
832 114
504 227
103 5
639 87
767 98
434 818
205 629
482 550
410 315
432 479
107 351
257 800
664 730
619 577
184 932
439 180
310 201
832 784
887 826
68 322
889 34
55 68
183 179
588 338
873 966
547 180
884 83
43 405
257 838
12 392
966 307
107 522
309 378
885 567
834 555
707 843
176 129
841 689
384 990
923 951
157 167
983 127
915 775
549 92
975 971
941 551
690 873
159 766
882 193
632 488
307 996
197 164
109 464
825 103
772 698
631 335
905 31
368 293
262 543
375 418
142 65
343 693
972 176
611 368
259 295
26 550
961 385
448 380
409 124
648 85
922 540
361 862
1 797
138 338
458 28
179 591
614 883
64 187
710 294
947 112
161 955
740 473
57 762
847 715
499 633
26 363
100 696
710 177
197 821
952 521
424 162
832 47
634 119
102 385
947 270
842 88
329 107
862 415
828 27
832 94
801 981
417 664
440 871
511 452
707 348
283 519
663 312
651 272
83 178
980 428
512 634
380 624
724 937
813 816
927 244
785 731
801 473
121 709
983 829
971 797
629 613
152 23
337 109
391 840
309 316
582 613
39 218
849 202
189 681
617 54
673 868
945 767
214 324
161 72
937 669
519 221
561 943
873 877
600 947
51 553
711 986
860 637
589 25
826 317
424 917
5 248
820 373
372 775
964 451
385 802
687 621
815 536
263 705
857 274
536 889
304 985
359 573
493 823
744 779
657 884
14 27
715 186
65 742
134 848
472 509
880 458
364 187
917 827
238 740
222 41
709 603
918 601
50 486
35 518
986 746
71 316
573 26
525 151
676 261
804 338
472 283
607 303
934 981
370 794
204 754
505 341
642 260
480 618
719 278
524 800
926 980
694 48
534 137
828 430
315 69
885 672
704 275
999 484
277 720
254 165
352 645
168 560
44 163
780 879
712 909
710 744
345 676
399 387
384 120
257 494
186 60
958 694
731 198
125 573
885 751
245 832
914 523
233 904
932 912
25 916
483 496
928 579
897 344
275 476
115 285
246 561
394 498
986 104
760 47
225 990
724 495
542 397
439 426
454 605
860 752
476 957
88 685
165 279
402 75
942 945
249 478
542 119
41 426
761 635
302 451
48 814
88 971
35 708
716 245
476 626
131 185
39 608
353 505
886 141
78 504
203 283
605 535
745 952
874 732
947 168
52 588
715 388
425 993
809 79
351 560
286 229
461 597
226 314
634 431
118 884
411 404
303 674
785 359
957 673
447 535
366 669
64 687
174 156
456 380
2 877
17 110
542 627
263 22
271 571
185 958
388 741
922 349
642 434
873 489
608 10
989 387
8 976
82 353
564 749
898 629
21 258
629 605
688 1
219 936
677 923
234 567
593 132
836 296
967 582
640 450
533 377
133 11
963 142
686 857
104 245
444 607
270 172
623 262
661 549
955 840
5 65
679 521
564 208
125 754
511 649
94 355
701 457
901 135
705 782
282 549
65 111
692 60
288 202
693 891
753 58
913 576
762 824
612 717
13 856
565 347
804 549
60 277
207 422
7 405
523 891
839 221
877 84
618 164
900 359
373 123
726 689
909 495
805 541
938 577
926 882
289 720
850 472
840 606
549 186
710 141
883 544
224 227
442 294
463 396
727 723
728 819
983 581
801 953
590 601
478 715
692 521
718 317
634 532
31 494
751 447
110 557
443 414
962 738
837 290
144 470
471 100
147 402
405 854
544 782
465 75
875 512
626 902
223 532
703 798
63 191
746 383
394 70
234 555
668 726
816 833
319 918
783 266
911 833
385 596
388 797
730 954
379 88
217 869
218 214
534 846
920 846
33 948
7 586
247 65
108 649
470 480
844 21
310 665
424 728
96 789
468 769
40 520
126 77
721 503
544 424
156 934
801 319
506 47
970 478
952 189
38 390
190 733
891 944
361 861
14 431
909 352
700 666
757 935
973 682
744 718
342 635
924 297
60 168
813 550
279 142
118 914
544 229
66 633
253 697
217 451
404 68
601 357
785 158
515 53
866 95
409 130
250 492
128 598
898 70
741 934
408 454
337 416
580 612
231 964
824 974
167 604
24 662
700 146
571 216
261 568
501 877
28 993
314 608
471 155
736 8
864 61
667 730
656 329
180 575
479 525
253 690
307 692
694 32
788 429
574 602
133 784
695 433
747 694
8 570
327 734
590 224
263 546
697 426
747 839
493 131
630 844
952 332
189 394
15 50
270 100
437 765
612 45
522 821
173 807
838 539
640 680
364 918
51 547
493 822
773 900
882 206
10 712
687 840
769 869
866 291
932 194
83 567
523 818
207 961
505 137
967 483
496 452
95 292
870 746
179 999
521 263
343 991
913 956
628 575
610 30
520 874
219 777
211 185
144 14
272 83
999 1
12 13
586 102
895 496
291 94
131 681
281 84
836 994
896 567
490 162
163 24
21 154
836 881
747 342
31 17
931 31
474 734
805 570
755 835
225 416
119 760
599 562
157 475
452 137
399 386
29 641
259 543
67 140
200 241
203 658
149 280
335 717
764 977
391 687
821 278
396 839
399 160
312 378
777 976
650 430
946 969
285 89
474 18
577 545
66 424
360 149
788 167
94 618
579 250
636 505
12 917
532 172
19 83
113 92
654 743
324 142
449 114
88 686
910 481
125 749
648 816
5 509
777 108
890 495
375 357
731 757
547 292
184 368
772 401
791 663
912 532
948 370
587 402
369 997
833 54
284 118
838 289
904 156
843 253
844 658
866 182
353 361
26 305
278 876
748 54
993 313
810 401
424 236
904 726
980 33
361 567
359 484
109 765
948 694
218 919
386 171
210 999
338 176
102 217
653 167
983 672
550 561
365 949
277 179
12 128
300 73
253 820
658 654
879 608
98 963
870 173
529 635
72 250
527 172
82 463
10 304
194 565
836 228
15 513
181 297
145 771
370 338
977 442
760 950
724 593
564 750
592 543
590 62
183 508
868 676
941 688
893 704
33 467
860 256
517 609
846 215
24 138
388 939
685 683
372 602
18 408
94 695
294 309
967 982
453 904
826 498
310 515
982 241
413 266
471 628
238 865
185 347
868 248
63 350
905 391
125 753
143 470
825 299
40 557
282 630
105 893
397 359
882 424
131 263
443 553
796 19
377 285
583 949
195 908
899 778
140 350
360 732
416 734
914 309
588 860
627 830
705 216
925 979
17 190
236 454
37 179
611 786
739 297
260 598
279 218
871 348
728 22
8 948
399 913
770 775
295 864
351 676
154 96
407 886
821 315
710 117
148 46
822 595
205 627
794 48
278 897
372 36
101 546
358 83
822 706
238 487
97 475
597 542
508 973
658 754
245 290
388 986
54 383
69 326
408 56
634 900
827 503
556 207
784 450
949 776
258 453
958 990
371 800
870 314
393 902
915 777
552 973
113 681
223 420
426 198
959 496
172 998
600 985
8 552
536 65
10 820
462 939
358 840
659 381
769 717
511 590
510 919
532 94
703 76
601 910
393 241
657 620
176 494
731 287
90 397
934 400
256 599
845 299
904 195
762 635
627 591
842 41
9 818
515 965
991 103
112 326
989 828
70 884
92 980
829 505
614 881
988 392
100 555
875 359
641 803
624 933
202 7
424 21
905 554
636 596
140 209
452 579
415 609
629 269
810 617
334 683
951 296
482 601
165 650
197 51
913 753
128 599
549 174
889 146
619 108
11 802
732 808
92 399
516 441
778 333
306 621
533 794
76 667
135 18
84 586
287 855
819 645
439 952
409 765
266 94
512 666
896 614
589 420
756 491
684 120
181 778
492 649
163 955
590 118
840 473
703 829
741 458
119 426
841 572
837 968
660 983
426 77
962 139
229 920
910 667
271 167
592 916
824 71
843 869
903 376
717 772
5 408
652 934
373 766
925 343
991 163
436 260
312 778
166 101
83 585
339 563
191 562
752 296
201 566
787 795
493 710
282 977
429 606
411 255
991 488
614 797
581 73
173 601
65 368
838 341
382 977
503 325
22 774
443 831
886 65
121 73
343 990
382 800
240 841
956 119
574 418
443 940
338 171
211 184
467 34
13 951
328 508
625 634
753 525
718 553
535 77
538 339
885 56
170 831
889 61
600 136
92 508
449 824
98 589
45 978
926 613
382 109
419 229
595 124
357 849
254 171
257 115
131 582
861 745
390 433
949 942
971 938
861 370
79 283
404 117
157 331
197 602
367 110
793 323
354 795
506 974
379 436
825 850
204 313
332 838
684 243
498 90
636 276
488 92
551 797
310 949
124 87
640 504
95 74
703 55
544 644
542 499
428 727
934 329
238 842
494 304
80 164
688 419
800 877
769 934
811 303
209 593
378 184
952 135
41 424
28 162
1000 755
566 678
274 286
355 345
84 377
302 304
801 599
674 735
804 658
992 658
596 284
174 878
359 406
52 590
663 190
923 213
987 940
766 599
343 994
325 147
308 871
75 948
314 740
144 107
766 978
205 590
371 410
98 766
631 520
101 525
782 570
126 208
455 822
227 815
84 684
12 129
901 781
644 924
175 836
414 388
276 652
607 705
902 361
885 431
903 192
82 460
465 476
981 274
927 206
162 468
570 457
590 908
498 412
315 702
246 908
656 658
505 796
474 469
916 172
997 7
945 692
642 588
901 705
974 265
834 741
617 12
755 211
376 670
985 624
233 763
401 551
898 661
117 893
958 797
393 634
428 548
359 784
637 208
950 673
972 937
169 940
351 444
372 889
428 699
285 862
582 988
345 243
181 797
679 50
935 132
904 296
388 89
869 640
262 566
892 231
659 62
972 143
521 33
374 145
47 821
986 799
824 344
922 519
691 386
852 964
999 567
88 937
786 86
109 813
93 424
574 137
758 442
616 415
753 65
602 734
307 502
951 545
771 327
581 339
867 238
5 515
908 133
204 677
482 963
122 298
974 540
885 79
460 910
524 795
62 686
301 398
214 913
110 870
861 246
61 92
962 943
999 72
587 523
804 74
453 356
311 74
645 870
319 822
176 983
672 972
983 564
784 150
550 941
918 833
870 78
158 858
767 978
228 394
275 602
163 97
974 216
335 614
798 890
301 850
547 6
250 906
458 899
348 275
33 269
15 661
287 656
661 131
168 808
8 605
775 255
535 609
546 197
379 875
110 252
925 191
11 419
507 400
308 167
146 710
863 599
655 181
423 182
800 695
820 826
146 345
807 12
797 22
981 873
692 508
14 224
180 8
697 418
436 178
721 356
561 755
947 806
622 996
973 582
223 123
907 856
523 548
179 449
695 921
754 375
536 574
187 986
933 185
921 673
313 756
139 684
692 816
490 648
142 273
937 79
539 143
444 201
853 355
14 719
102 388
377 139
32 570
969 463
370 836
441 603
858 977
620 208
327 9
124 599
439 100
997 522
687 450
552 685
699 400
115 857
991 984
461 893
231 855
380 627
399 571
609 387
24 263
304 23
513 325
932 665
854 990
836 61
627 208
664 838
292 655
738 843
724 650
690 550
896 105
699 860
683 307
556 67
774 142
189 678
315 599
246 953
10 43
998 488
945 764
929 215
747 680
896 24
200 437
366 6
722 975
629 644
159 735
21 538
740 134
172 602
781 836
599 221
273 693
493 18
564 283
450 967
18 131
293 267
886 922
782 193
911 999
535 539
352 968
497 305
763 58
93 568
559 441
1 973
735 267
598 232
805 386
426 413
754 490
542 871
322 606
531 398
456 596
808 265
991 376
581 508
183 816
330 196
205 984
331 613
792 977
260 559
390 618
980 126
840 521
783 669
163 316
97 797
336 792
889 60
28 690
512 827
499 609
162 636
733 499
844 812
523 115
64 326
762 421
638 336
390 174
538 726
673 729
90 637
663 718
41 715
253 658
867 960
334 616
713 298
197 601
950 9
100 276
745 89
539 653
484 26
623 9
937 664
663 882
759 729
651 842
543 712
149 626
346 982
755 302
406 804
973 896
599 225
765 729
894 935
772 381
377 549
70 512
477 514
60 558
406 518
722 895
953 35
140 91
967 48
53 528
881 183
147 727
494 642
338 618
819 201
964 408
113 414
834 406
657 119
586 343
696 491
259 175
335 472
136 674
46 165
491 844
240 886
428 713
61 376
232 806
144 108
552 121
311 240
796 636
598 688
875 989
931 991
474 926
275 867
150 161
278 874
361 480
680 364
976 707
261 749
120 121
393 162
971 422
894 37
642 184
515 442
901 925
354 986
23 627
12 480
984 913
741 303
188 673
7 159
599 833
780 925
328 804
115 476
215 969
436 778
209 240
194 836
690 833
711 681
180 279
381 402
932 774
919 828
819 708
647 365
392 319
677 762
933 576
493 73
954 685
169 915
42 419
427 359
212 535
818 382
413 570
883 441
507 834
592 236
721 392
157 639
887 63
230 870
30 930
126 855
381 982
972 287
317 78
890 368
486 591
143 237
423 678
961 219
302 333
182 743
898 732
777 363
682 279
645 417
188 76
117 466
943 204
321 725
162 851
182 662
109 590
257 589
369 737
672 368
969 466
222 774
260 743
120 840
376 434
505 274
487 422
794 62
154 145
541 771
712 667
484 608
288 855
79 217
337 458
2 770
68 334
389 909
550 930
898 131
193 4
225 381
906 694
29 549
267 112
182 77
571 46
98 955
3 586
812 204
194 535
102 948
171 365
158 117
664 154
280 227
264 552
82 723
138 193
565 806
363 914
803 753
309 42
589 224
452 230
722 259
71 250
447 174
734 334
652 604
223 311
890 720
281 872
854 383
855 146
124 152
799 811
186 567
904 374
479 238
743 909
501 546
673 47
551 10
934 406
312 897
350 857
333 533
9 935
428 815
285 978
142 69
290 968
442 931
631 105
491 773
303 178
329 467
237 330
330 892
312 735
960 731
502 86
231 428
770 596
496 475
153 590
60 195
282 874
632 196
496 298
80 681
745 885
378 834
92 756
562 500
54 568
476 202
813 709
481 164
444 296
504 3
468 422
516 988
828 390
666 473
318 844
762 398
671 840
711 697
713 66
253 777
106 618
111 671
794 389
323 871
675 410
991 872
903 250
304 8
858 611
678 256
506 519
756 70
371 992
101 183
690 596
285 336
323 901
694 180
185 868
224 718
833 848
890 931
357 110
217 571
34 67
481 6
629 530
280 255
546 230
971 639
54 305
760 718
786 584
842 988
475 669
848 401
80 43
958 218
564 373
859 307
173 915
47 910
105 537
198 622
470 259
769 600
238 799
991 167
5 390
47 895
857 135
394 655
422 241
412 319
951 842
455 379
203 482
421 39
459 892
66 950
251 510
942 484
625 141
2 430
437 781
612 470
887 261
815 88
999 975
31 585
143 607
258 247
61 226
136 647
355 839
516 362
425 751
135 940
764 249
176 547
28 540
956 224
609 204
948 666
780 441
426 806
776 725
542 648
279 482
840 488
126 5
328 220
550 923
497 763
353 895
920 31
600 424
12 366
751 387
847 156
315 295
727 506
563 589
582 411
890 579
106 371
215 183
966 917
806 894
256 38
223 728
496 910
208 207
548 509
826 251
780 728
17 984
473 302
350 612
77 916
260 372
722 459
582 871
180 419
275 81
385 657
899 327
911 36
146 414
330 579
479 38
86 140
18 228
881 84
278 768
169 848
133 309
815 425
156 122
268 540
855 952
415 991
696 31
622 960
458 382
518 680
463 963
213 232
161 517
610 876
900 504
792 737
740 767
602 760
252 945
296 139
593 907
887 745
943 43
364 298
645 477
403 798
102 498
968 391
145 299
221 448
168 212
408 611
827 646
235 172
533 525
753 559
644 682
645 767
595 316
26 65
210 994
945 157
339 250
253 832
699 362
63 707
870 209
746 835
874 156
571 148
898 188
865 718
633 339
944 290
799 108
858 680
346 452
220 429
993 875
868 589
488 781
965 261
803 502
561 184
661 792
968 134
417 368
935 322
744 493
640 184
591 413
208 154
530 747
474 245
807 149
920 967
483 353
891 364
34 877
754 28
39 508
194 103
892 114
547 569
436 216
294 10
42 51
708 524
912 853
86 168
235 558
643 711
477 613
534 275
869 543
553 726
570 732
40 959
203 477
602 301
363 275
293 798
501 129
337 119
965 754
216 15
126 566
398 929
204 513
501 50
418 183
643 131
607 210
442 448
406 111
176 540
913 889
330 285
848 570
46 49
194 756
526 148
22 46
304 271
165 574
137 865
120 39
850 581
836 805
649 962
709 194
512 514
953 624
385 236
244 319
860 287
175 971
38 653
6 12
348 493
189 815
225 606
104 793
841 692
493 377
129 784
812 499
851 623
770 886
910 608
622 430
592 653
419 763
519 244
959 509
587 898
134 301
156 365
748 663
531 843
518 455
178 464
834 1000
337 704
492 606
982 387
403 666
612 132
687 138
515 637
643 432
916 996
558 701
740 288
522 639
817 546
810 930
602 257
865 593
830 817
763 382
218 697
862 102
576 795
961 855
948 587
737 776
754 678
849 982
386 76
259 230
23 129
140 163
474 821
993 471
763 717
164 96
326 845
826 74
131 689
378 548
90 756
197 176
658 578
291 55
791 215
500 999
836 793
837 480
168 912
509 111
92 57
20 846
991 875
689 41
728 561
618 96
985 867
984 842
654 597
834 520
836 78
790 112
17 866
159 443
94 848
95 569
703 830
547 770
914 766
569 318
822 152
237 856
423 979
114 229
726 484
473 322
941 786
664 405
829 997
441 796
261 9
924 991
787 49
601 638
534 878
133 79
778 308
545 7
233 655
86 97
441 766
321 108
333 568
778 647
230 860
855 919
786 250
473 141
471 942
518 717
356 638
969 941
630 628
796 86
728 260
377 474
965 569
540 868
307 387
164 280
754 488
910 425
626 66
213 821
786 303
780 337
875 213
469 524
79 973
527 629
202 280
723 214
466 136
923 488
379 924
527 666
71 750
185 941
500 84
84 651
586 245
969 203
236 958
646 603
547 226
395 113
803 76
245 280
616 273
563 588
784 367
16 924
457 537
594 74
461 65
153 708
341 667
513 208
822 90
237 538
367 107
390 214
817 378
674 453
839 105
493 321
510 609
859 112
881 664
170 247
388 834
651 844
800 642
817 548
837 937
634 934
74 875
128 271
497 96
152 645
744 63
366 592
484 890
674 305
750 117
623 233
735 483
747 397
2 665
251 206
294 126
928 4
820 640
273 945
551 418
403 722
117 730
699 238
602 342
695 963
934 185
166 279
573 777
871 969
286 984
640 982
938 711
978 920
675 904
658 198
786 275
71 287
623 786
955 383
934 923
991 350
60 108
922 883
525 182
288 623
274 590
168 213
277 477
752 896
292 754
624 981
382 210
878 823
621 689
158 579
585 245
552 10
376 118
481 959
665 222
587 254
157 522
984 996
381 108
770 355
292 995
883 807
409 19
933 548
234 286
201 431
833 878
758 709
372 384
907 407
195 137
90 881
107 949
99 997
940 213
209 101
45 503
391 655
711 794
949 161
141 932
806 746
459 413
367 252
99 626
794 958
445 578
780 765
397 991
825 988
453 995
683 394
647 367
669 211
156 266
785 363
664 292
809 560
871 341
276 915
759 300
252 274
345 240
952 72
146 387
886 484
392 31
526 870
269 455
994 334
132 65
155 480
982 471
423 227
878 292
740 269
924 84
212 358
123 261
808 421
354 51
227 291
389 592
274 656
972 511
304 595
41 820
939 799
695 535
804 407
109 733
334 706
465 625
582 36
440 849
975 127
387 766
927 504
71 546
328 134
41 615
249 644
737 175
244 393
358 433
286 146
803 4
748 727
54 926
50 467
285 847
439 848
833 985
979 711
964 17
638 72
987 336
238 346
132 707
222 639
897 735
513 24
343 37
383 804
738 789
6 63
172 851
409 519
655 934
656 512
108 849
732 835
219 488
115 299
270 371
533 311
621 277
43 87
560 379
941 946
889 806
928 511
88 588
195 272
493 43
63 489
517 244
294 55
666 820
142 75
401 179
293 485
138 585
977 512
657 898
568 35
182 935
53 549
330 890
175 753
62 269
536 930
619 560
624 842
457 373
611 474
478 221
532 460
856 397
639 386
987 933
928 690
330 92
252 36
779 364
197 268
442 485
919 85
136 636
875 121
664 951
49 414
286 605
583 473
70 308
755 588
516 406
476 123
186 813
671 66
832 882
15 935
732 219
54 971
400 750
864 67
702 935
594 165
617 653
465 392
709 165
124 651
451 205
586 944
932 644
755 795
708 483
551 535
884 164
736 943
63 841
266 45
530 957
290 439
972 703
20 28
332 862
651 978
216 886
640 97
256 378
423 198
46 753
747 826
215 864
185 437
498 788
741 168
941 918
925 49
294 192
317 289
156 225
540 799
597 346
708 581
602 448
329 636
72 908
386 749
205 432
818 552
752 300
127 444
574 245
23 337
227 490
869 935
70 852
58 772
277 742
188 391
540 172
691 40
253 743
942 746
13 125
515 903
899 100
95 449
351 619
247 650
273 174
532 926
292 155
166 692
409 97
157 771
602 806
876 329
219 630
797 851
889 178
47 489
487 377
704 736
849 620
757 363
279 621
728 671
440 615
166 993
775 909
138 466
28 962
582 409
875 673
971 942
733 771
36 501
425 862
295 360
903 105
694 150
290 104
205 123
489 280
966 794
169 666
521 589
1000 468
427 94
673 794
266 336
121 336
807 243
649 273
427 239
768 161
146 269
437 314
148 730
631 412
337 766
234 782
113 87
702 249
886 586
118 480
696 946
109 35
200 769
863 334
367 671
977 575
908 767
40 8
235 725
166 133
917 716
873 655
288 275
363 297
990 982
814 784
49 538
755 380
430 361
93 497
679 590
45 622
411 332
527 938
89 346
363 87
515 850
899 51
903 747
504 863
411 509
793 709
611 842
135 914
482 938
32 613
785 345
109 642
279 403
424 620
664 709
726 352
888 419
337 483
597 517
841 979
288 957
272 338
386 454
907 168
980 482
984 997
417 420
223 792
29 719
858 601
145 774
628 67
223 681
426 461
327 639
901 700
538 742
958 551
318 326
135 372
487 801
551 940
38 577
918 741
262 889
945 569
949 209
185 124
968 610
351 299
355 812
911 149
345 326
881 276
845 433
385 755
261 64
588 149
332 475
482 789
890 413
651 585
543 975
435 800
623 381
754 252
313 514
133 279
687 656
429 640
925 283
820 503
571 955
95 992
351 239
744 841
178 787
895 994
737 512
165 23
810 348
973 640
62 481
913 396
305 668
13 163
734 439
666 703
67 697
409 398
487 253
416 578
933 730
83 464
838 32
197 440
415 497
680 926
771 105
476 225
616 816
176 749
818 52
306 352
63 656
836 912
49 450
984 675
644 543
775 823
463 315
230 157
306 578
698 832
68 200
954 610
6 899
723 495
653 424
215 283
54 927
864 23
239 145
868 615
816 138
160 686
140 588
884 201
817 304
376 992
747 563
822 3
522 199
856 316
546 193
824 483
471 320
57 500
759 749
66 378
176 486
68 668
622 287
60 383
669 182
255 995
40 720
344 358
166 313
648 894
350 42
218 498
917 814
61 904
83 944
484 529
235 669
951 867
56 376
973 723
443 584
557 916
56 548
174 712
583 424
855 461
92 977
164 486
481 176
278 378
373 936
875 531
325 872
87 826
736 740
109 926
120 649
838 509
967 283
291 842
865 305
989 194
10 814
727 943
287 286
54 575
400 946
224 278
520 963
5 773
210 793
905 783
323 586
585 803
268 249
509 812
235 374
515 72
275 815
918 7
370 924
749 897
54 857
625 691
223 946
477 350
741 561
478 681
780 243
896 464
347 148
719 974
64 540
673 674
617 51
380 766
515 503
243 46
637 16
603 734
343 91
529 111
882 427
510 504
901 611
81 200
587 834
306 987
590 123
152 397
392 412
780 567
768 87
527 971
869 401
312 66
385 650
740 130
632 523
9 230
542 408
602 175
160 886
1000 213
347 472
100 176
434 508
507 158
806 364
203 185
496 141
777 122
696 6
146 91
852 905
636 800
144 952
821 914
571 995
221 678
978 803
652 672
943 419
212 415
947 36
565 413
179 78
557 485
807 624
996 91
559 243
373 908
501 675
527 849
962 343
257 537
670 156
166 459
886 90
279 168
339 34
638 394
435 406
574 423
705 308
944 588
654 511
546 867
909 787
779 747
68 370
288 914
789 318
131 572
250 748
383 520
775 451
832 718
12 912
445 828
52 101
487 606
572 640
774 332
667 700
16 522
401 796
555 447
793 326
371 878
677 430
284 591
931 496
510 615
25 925
542 218
191 8
696 742
846 876
904 467
243 473
824 982
971 493
497 102
423 890
442 136
815 596
906 272
51 443
488 383
471 622
792 343
42 90
852 719
599 338
622 49
513 515
56 466
294 124
321 103
589 645
298 598
696 34
127 450
934 478
759 25
764 369
944 287
415 617
454 129
518 574
152 835
83 729
49 537
601 20
584 838
342 586
127 288
611 111
279 95
488 124
736 684
3 9
576 837
938 596
813 616
575 921
136 678
637 868
283 265
981 466
740 422
179 840
589 961
970 69
722 857
372 248
232 810
504 207
288 720
71 575
933 288
572 96
685 319
387 644
245 376
521 113
746 831
379 954
438 241
127 757
292 926
233 162
306 558
880 663
384 172
662 179
171 756
278 584
210 146
530 949
361 6
876 739
537 11
154 260
711 903
175 929
513 50
366 224
451 513
779 211
928 759
410 786
858 376
272 886
270 490
381 317
328 695
113 647
719 597
638 671
368 595
267 205
356 252
103 865
53 188
221 810
593 415
849 378
99 338
583 764
730 80
821 135
713 774
572 478
826 623
298 196
748 588
414 758
143 476
666 875
27 319
292 291
88 126
78 946
616 373
327 800
456 946
308 691
97 989
990 947
284 152
283 503
322 166
411 929
316 185
972 505
464 800
321 681
933 482
93 325
738 26
701 902
272 2
75 599
596 19
533 558
845 716
93 103
618 472
852 500
727 744
33 964
861 98
774 603
371 234
617 518
335 847
653 342
136 761
615 451
755 656
24 304
444 725
818 486
436 583
513 380
453 385
628 49
208 460
615 277
284 913
485 48
859 879
932 753
882 388
576 834
367 60
812 95
480 656
544 773
82 316
160 542
17 891
180 721
682 639
737 504
206 869
797 350
586 363
161 164
768 76
641 242
586 736
40 696
835 36
930 208
364 628
627 390
665 613
868 932
885 962
284 341
506 741
437 369
976 13
151 551
725 654
211 886
752 548
347 620
687 710
372 969
52 975
517 3
331 48
521 64
575 285
243 860
669 840
142 703
412 471
179 452
293 116
297 113
703 441
1000 560
172 926
217 298
523 924
947 120
496 302
28 389
446 908
196 551
197 266
737 516
182 630
990 201
629 279
77 892
971 486
749 606
988 442
805 860
199 521
535 39
993 468
615 885
429 56
430 243
337 663
69 251
850 326
643 798
484 834
926 627
179 606
96 64
331 811
368 726
135 251
512 626
10 355
146 867
662 379
77 313
796 288
315 652
929 392
185 299
451 92
293 865
498 417
119 563
251 763
930 18
803 256
987 47
94 855
338 975
635 593
506 551
158 228
294 484
243 508
14 68
105 483
146 295
683 468
962 133
122 614
274 844
168 471
755 454
578 341
769 604
757 753
612 212
303 237
839 495
821 864
52 26
539 467
887 483
913 250
201 568
421 35
28 203
824 942
605 735
164 283
256 966
52 274
728 660
469 408
861 998
662 761
899 217
538 443
991 359
577 471
83 282
429 890
411 275
178 58
594 626
351 597
444 345
852 78
526 267
415 456
951 266
41 899
120 900
945 373
983 661
857 609
211 570
577 610
410 379
784 68
497 767
59 80
614 290
82 83
814 992
908 349
33 637
487 712
110 637
607 747
276 471
577 908
210 175
283 793
68 17
492 965
92 143
702 720
149 176
961 596
626 630
627 179
864 847
133 748
613 429
391 676
730 680
988 639
56 919
1 125
402 767
512 725
938 477
25 924
873 160
358 552
731 14
953 248
94 706
609 622
242 81
460 24
902 195
297 361
485 443
509 549
76 200
740 167
816 671
104 129
801 45
837 807
911 32
283 1
680 710
997 417
194 398
143 507
769 952
521 15
481 602
62 233
265 329
913 341
198 473
339 844
232 370
188 485
880 415
454 134
860 925
882 709
403 580
178 252
187 621
38 336
649 909
31 553
13 14
787 539
773 532
596 137
818 959
356 962
144 210
533 664
553 186
875 721
762 224
196 654
128 50
808 8
754 892
724 164
192 381
94 11
641 696
435 659
365 942
813 410
373 419
943 619
183 166
497 667
120 126
824 892
823 118
898 299
132 859
439 841
189 918
929 455
361 5
346 371
453 573
10 881
279 849
581 817
33 379
436 864
879 444
499 515
551 942
661 218
65 571
105 298
751 103
648 614
850 628
657 744
68 713
380 235
751 980
540 675
261 78
134 468
565 16
308 495
376 347
534 789
630 574
96 769
243 722
173 983
265 276
319 681
930 542
643 715
857 195
644 167
28 921
23 298
110 908
703 388
412 355
677 313
491 474
53 639
691 501
395 528
913 83
184 625
245 136
677 27
753 749
391 501
329 118
37 269
352 305
254 394
486 908
767 21
382 205
511 599
790 180
838 164
896 699
306 497
275 898
130 131
314 996
847 50
867 720
742 300
422 38
250 690
214 979
438 77
44 204
561 510
135 39
141 658
733 216
773 241
495 5
498 299
525 748
694 173
602 152
110 420
437 188
440 656
24 463
905 9
851 386
998 375
751 165
99 514
996 284
707 195
708 986
530 696
413 84
342 378
659 420
767 655
147 376
314 395
865 80
845 450
848 426
958 803
708 846
752 726
103 213
648 913
223 323
61 676
907 624
864 712
604 542
716 448
812 563
372 970
798 746
279 43
877 83
18 40
915 458
221 559
925 765
658 472
494 716
230 918
199 905
423 944
421 415
830 821
62 387
908 999
31 592
622 699
398 897
719 487
980 457
725 178
28 390
875 237
213 910
144 139
736 597
354 208
758 186
652 371
339 88
636 706
219 766
239 755
22 95
560 658
867 494
26 18
32 687
732 944
415 100
495 970
34 328
175 548
579 988
497 722
918 244
448 54
724 835
728 646
202 981
159 240
984 206
35 62
769 817
326 611
380 760
915 735
664 989
104 695
3 685
10 243
48 2
432 161
254 912
21 465
10 66
665 294
629 541
197 641
290 293
25 560
262 839
949 23
697 230
368 668
185 442
665 576
744 199
376 902
66 463
798 804
25 833
535 819
935 245
388 136
942 819
711 402
695 725
363 246
259 765
367 644
939 271
355 68
321 832
1000 271
734 704
493 814
304 929
194 333
947 953
711 176
808 465
790 577
244 763
407 243
249 299
66 947
602 737
972 591
837 717
26 293
965 694
457 750
221 326
351 967
808 72
173 483
339 903
522 266
692 897
966 32
13 192
648 295
227 602
357 535
250 409
417 706
126 300
272 75
736 480
532 921
223 546
679 794
757 86
560 702
409 102
12 5
675 351
287 141
36 131
296 720
11 839
603 993
215 511
931 950
418 863
667 912
871 208
932 921
20 878
572 787
384 927
284 939
110 493
76 517
543 346
33 350
824 703
306 874
650 562
883 92
267 983
708 81
287 374
730 681
656 572
731 144
548 506
698 459
55 730
65 606
835 110
